7470 9226 13931 19125 23041 30885 35733 36321 36657 37573 47299 47394 50352 51103 57041 57313 64365 64997 70216 73069 74260 75133 77447 83963 94733 
1927 3988 4207 4446 6831 10053 21798 23446 25071 26119 27139 28773 31775 31896 32652 35733 36657 41072 46020 46972 49014 50352 50635 50645 51425 52205 57041 59734 60882 62335 63298 64997 68340 72333 72388 74870 76738 77460 79168 80038 83963 85256 85956 87234 89210 91816 94646 95504 95672 96835 97022 98727 98804 98917 
8761 9457 11110 22749 24621 26341 30834 34844 35639 41693 44239 52955 61818 63981 64763 65994 88968 93659 99918 
6621 9457 11110 24621 26341 34844 35867 44239 52955 61818 64763 65994 76484 88968 90410 
1364 3404 11171 13842 14564 17828 18198 19871 21550 21864 22728 23194 23749 23756 25872 27091 28571 29298 31223 32343 39694 39896 42954 43899 44616 44932 46101 48262 48844 49633 51028 53529 54091 56292 56906 57358 59393 61244 63009 66804 69603 72020 76329 77270 79879 83584 85551 85828 86538 87627 91208 91652 92727 94477 96737 99322 
1364 4244 5390 11256 13581 13842 17054 19038 19710 21550 22350 22728 23194 24477 25535 29225 43899 44222 44932 46101 46950 48262 49771 56951 62570 62811 72020 73377 76080 76122 83584 85551 85828 86011 86538 90944 91652 92727 96207 96521 
1330 2377 2558 3124 4036 4799 5704 7067 8229 10090 11596 11895 18900 21959 22409 30584 31358 31692 33471 34409 36056 37166 37215 37387 37648 37747 38133 38239 38652 39067 39403 39885 40512 46160 50741 52992 55582 57290 59967 60639 61131 61142 63470 63730 66674 70045 70262 71702 73900 74693 74908 75889 76356 77023 77842 79837 80508 81046 84127 84642 85927 89136 90578 91531 93173 93208 98157 98801 
441 1881 1991 2558 3124 9360 11596 12912 18325 19159 21110 22409 24989 26811 28236 28371 30085 30968 31358 31692 32224 33080 33327 37387 37648 37747 38133 38239 38596 39222 39885 50741 51619 54500 55712 56050 57290 59967 61131 63246 64667 65010 68232 73490 73900 74693 74762 75009 75284 75553 77960 78722 79177 79735 80704 84642 85467 88323 89553 90003 90578 94436 94439 96833 98157 98209 99772 
4014 5187 6665 7234 10726 11202 13589 15839 15900 17034 21216 21399 21653 22085 27322 29104 29411 33490 33498 34083 34092 34125 37954 39122 42057 42149 43411 44825 44939 45744 46206 47790 48507 49530 49693 49940 51225 51238 51341 51967 52006 54054 55373 58653 58775 59664 59813 61845 61858 63632 64070 64727 69004 69615 70088 72684 73504 76261 77028 77953 78151 81064 84326 84858 85297 85654 86502 90682 94792 96123 96180 99086 
6665 7396 13589 15755 15900 17076 21114 27507 28443 29104 29411 33490 33498 33595 33997 34083 36212 38507 39830 42149 46953 48507 49693 49940 51225 51341 56814 57767 58653 59001 59813 61845 64070 64727 68191 68311 72684 73504 75011 76261 77953 78151 78622 86502 90682 95932 
714 4602 7470 9226 9837 10899 11335 13111 13931 13992 16137 17453 17811 17827 19125 20844 21941 23041 25277 25492 26369 26393 27777 30885 31930 32749 36321 37573 39704 41142 41836 42173 43886 44138 45902 47299 47394 48201 49587 51103 51867 57313 57357 60133 61040 61173 64365 66457 68251 70216 71362 73069 74051 74260 75133 77405 77447 77620 77672 80978 87272 89260 89928 93680 94733 95609 95645 96002 97389 
714 1222 4029 4866 6962 8013 8673 9837 10899 13111 13992 16137 17453 17626 17811 17827 18054 19230 19271 25492 26369 26393 31930 32749 34240 38832 39704 42173 44138 45558 46071 46688 48201 49587 50497 51631 51867 52291 54783 60029 60133 60668 61173 61817 61990 63324 64773 67765 71362 71457 72376 74051 77620 77672 77987 79726 80978 84946 89260 89928 91328 91428 92631 93680 95825 96212 97389 
477 1476 11091 11192 12066 13906 14535 15917 18236 19936 23359 23480 24218 25319 27406 29165 29814 34083 37144 40824 42149 45588 46594 48307 48507 49693 49940 51225 51341 53445 57039 58653 59813 61845 63152 64070 64727 65192 67247 69963 71144 72684 73247 73502 73504 74280 74937 76261 76446 77626 77707 77953 78151 78205 83946 86169 86356 86502 86770 87702 88011 90682 94111 96037 96732 99451 
179 2641 11192 15917 19936 21364 23480 23857 27406 29814 34083 40824 42149 45588 48307 48507 49693 49940 51225 51341 52801 54096 57039 58653 59813 61845 64070 64727 64892 72684 73247 73502 73504 76261 77953 78151 86169 86356 86502 86770 87702 88011 89996 90682 
170 1723 2321 6075 7014 10621 12195 13203 14379 15602 17528 20713 21359 21563 21630 21810 21910 22659 23219 24522 25451 29131 29307 29389 30645 31159 32970 38811 40210 40481 41278 42367 45573 45756 47153 47212 57665 58728 58856 59416 59509 60250 63011 63037 63761 63975 64765 64853 65128 65613 66525 67812 67822 67864 68709 69208 73597 73659 73744 74837 80988 82845 83281 83719 84570 86012 86957 87049 88275 88319 89876 92496 92719 92926 93376 94090 94302 94312 98332 98556 99144 
2321 3028 6075 9229 9858 10621 12195 14379 15327 15662 17528 20713 21359 21810 22598 22659 23219 24522 26440 29389 30270 31159 32970 36339 38811 40481 41237 42367 42997 43095 44148 45573 45756 52736 54229 54928 58856 59509 60152 63011 63761 63975 64765 65128 65613 66421 67803 67822 68233 74370 78914 79598 80635 82845 83719 87049 88319 88507 88929 92496 93376 94090 94302 94312 97740 98332 98556 99144 
1574 3663 3812 4521 6453 7334 7682 9192 9330 9989 13940 14226 14668 15108 16971 20768 21489 21699 22406 22729 22827 23000 25791 26752 31439 32074 33763 35315 36023 38995 40277 41831 43992 44226 46492 47056 47176 56482 57167 57955 58007 58143 60525 60987 66972 71518 71794 72084 72361 73747 74329 77489 81164 82519 83895 86233 86631 86922 87967 89041 91114 91872 92374 95074 95281 96423 
1574 1764 2431 3342 3663 3812 4521 6453 7682 9192 9330 10749 13160 13940 14226 14561 14668 15108 20028 20768 22406 22729 22827 23000 26752 27307 31439 32074 32189 33763 35172 35315 36023 40277 44226 45939 47176 57167 58007 60525 61692 65636 66972 68671 70884 71518 72084 72361 73747 74329 77489 77543 81164 82519 83795 86233 86614 86703 87967 89041 89295 89348 90953 91114 91872 92374 94827 95074 95281 97886 
1105 3159 3269 3503 4973 6896 6960 7456 10507 11818 15810 16432 16925 19898 21175 22695 24608 25619 28118 30489 31420 35286 36547 37304 37817 38097 40755 42864 46778 52179 52709 52873 54389 57633 60308 61141 65860 67611 67683 67711 68238 68748 69267 72573 76575 79037 82187 91006 91480 92154 94882 96237 97977 98426 
1105 2027 3103 3159 3269 4436 4973 6896 6960 7456 10507 11388 11818 11976 12735 15810 16432 16925 18437 19760 19898 21175 22695 24608 25619 26741 28118 30489 31420 31774 31841 34380 35286 35748 36547 37304 37817 38097 38938 40849 42864 44091 46778 48930 50415 52179 52709 52873 54389 57077 57633 58096 60308 61141 61322 63791 65174 65860 67611 67683 67711 68238 68247 68748 69267 71363 72573 73818 74357 75975 76088 76567 76575 78021 78932 79037 79261 82187 85139 86024 87412 87596 88740 91006 91480 92154 96237 97977 98426 99101 99338 
216 2562 3003 4187 5092 5123 5479 5569 7950 10478 10997 11037 11416 12724 13244 14437 14993 15852 17490 17764 19358 19908 19957 20813 20859 23211 23540 24643 25640 26706 28469 29208 32052 33416 34025 35000 37218 37314 37852 38270 42152 45264 46402 46573 47279 47287 47398 47454 48372 49256 52661 53386 53795 57373 57998 58362 58389 59653 60285 61301 63475 63495 67381 67540 69665 70763 73752 74428 77249 79147 80411 81787 81800 83756 85875 85991 86203 87105 89028 90037 90415 92244 92374 95074 95281 95368 98042 98167 99804 
3901 4187 5092 5123 5569 7254 7264 8384 10478 11037 11222 11416 12595 12724 14437 14565 15632 15852 17490 19358 19908 19957 20813 23540 25640 26706 28469 28871 29208 30544 32052 33416 34025 37218 37314 37852 38270 42152 42172 42805 43987 45264 46573 47279 47398 53386 53795 57373 58362 58389 60285 61613 64156 67381 67540 68310 70385 70763 74428 77024 77249 79147 80025 81787 81800 83269 83756 85875 85991 86741 88215 89028 92244 92374 95074 95281 98042 98167 99633 
391 2465 5506 6109 9139 9861 10572 10942 11980 12410 13953 14110 14965 16270 16547 16667 17382 18813 19019 19668 19774 21236 22458 23804 24562 24895 25739 25882 26270 27711 27737 30076 30082 31871 31923 32337 33825 34714 35725 36425 36918 39047 40231 40282 40436 40872 43075 43816 44442 46233 47453 48768 48960 49168 49477 50166 50971 52591 52598 53471 53781 55601 58403 58941 59361 59500 60263 60820 61006 62801 63074 63137 64670 65446 65674 66403 66541 67455 68074 68240 68297 68412 69064 69067 69199 69289 75450 78731 80177 80228 80534 80894 81749 83359 83562 83614 86647 87125 87975 88393 90907 91169 91868 93553 93763 94193 96361 96928 
2465 5506 5581 6109 9139 10400 10790 11889 11980 13953 14120 14268 14457 14965 16270 16493 16667 18813 19668 19774 20436 22458 22571 22796 24562 25739 25882 25899 27711 27737 28545 28994 29552 30076 30082 30210 31702 31923 33825 34201 34214 36918 36987 40872 41201 42506 43075 47453 47834 48426 48960 49168 49477 50971 52591 52598 53079 53471 53781 56250 58220 58559 59361 59500 61006 61197 63137 63522 64670 65674 66403 67455 67723 68074 68240 68297 68412 69064 69067 70063 73221 75450 78731 80177 83614 84879 85974 87125 87970 87975 90531 90907 91169 91868 91985 92999 93553 93763 94193 96928 98750 
798 3219 3461 4886 5107 5290 6269 6339 6656 8153 8324 9316 9408 12359 12826 12831 15259 15296 18611 19911 20528 20842 21163 21712 22281 22772 22883 23574 26470 26656 26808 27361 27530 27577 27638 28394 29315 30003 30401 34223 35681 36748 42933 43272 45013 46539 47970 48183 53489 56215 63657 63854 65374 66332 67155 67204 71468 71953 73737 73791 78301 80502 84647 84951 86060 89301 92247 96190 97682 98721 98877 
798 1804 2264 3219 3461 4886 5107 5290 6269 6339 6656 8153 8324 9316 9408 10502 10830 12359 12826 12831 15259 18320 18611 19911 20528 20842 21712 22281 22772 22883 23574 26470 26656 26808 27361 27530 27577 27638 28394 29280 29315 30401 34009 34223 35681 36748 38176 42933 43272 44483 45013 46539 47050 47970 48183 53489 53737 56215 63657 63854 64819 65374 66332 67204 71468 71953 73737 77947 78301 80502 83433 84647 84951 85703 86060 87557 89301 89334 90370 92247 96190 97682 98721 98877 
464 2667 3800 6787 8006 8555 9587 10114 13058 13624 14560 15486 16083 17360 18665 20193 20343 22919 22931 23245 23247 23393 25378 26130 26541 27511 28977 29518 30181 30336 30862 31117 32497 32826 35306 35580 35670 36627 37458 38993 39259 39297 39971 41965 43969 45179 45678 46447 46611 47831 48196 49807 51321 51337 51381 53306 54120 56010 56421 56923 57441 58324 58756 58969 59118 59231 59317 61176 63026 63972 64208 66597 68437 68638 68785 69739 71908 72850 73499 74648 75908 76972 77231 78640 80350 82038 82373 82596 82983 83066 83264 83396 83712 83726 84492 84964 85653 85809 86123 86262 86393 87228 87274 87674 92293 92677 93425 94903 95653 96257 97143 97438 97683 97789 98026 
282 421 464 528 1422 2667 3503 4572 4596 6351 6787 6806 7121 7654 7799 8006 9587 13058 14560 15486 16083 18665 18957 20193 20343 20358 23393 23442 25378 27511 30336 31117 31129 31366 32497 32562 32826 34243 34847 35306 35670 36627 37458 38993 39259 39297 39971 40611 40755 41965 43823 45179 46447 46561 46611 47543 47831 48828 49807 51337 51381 53439 54811 56010 56421 56526 56923 57441 58324 59118 59231 63779 64208 66058 66597 68386 68638 69739 70046 71624 71636 71908 72194 73499 74648 74765 75908 76972 77231 78640 82038 82596 82983 83066 83264 83712 85653 85809 85825 86123 86262 86393 87356 87674 91511 93425 94882 95653 97143 97438 97683 97862 98015 98026 
434 621 760 2332 3770 6843 7335 9336 9979 10328 10352 10783 12031 13610 14708 15047 16420 20672 20944 21349 22957 22996 23306 23773 24679 25263 25436 25919 30175 30293 30409 30732 30848 33798 34831 36433 37017 37580 41731 41869 43515 44160 45119 45409 46907 47474 48941 49146 49955 50029 50246 50762 55476 57447 57581 58444 60732 62262 62358 63662 64771 65204 67417 67892 69019 71509 71801 72861 73106 74007 74710 75075 75155 78346 83826 84074 85824 85838 86434 86763 88259 88995 89538 89870 89953 90247 90563 92080 94399 94495 94645 95286 95491 96442 98219 98387 99148 99333 
434 621 760 2332 3770 7335 8402 9336 9979 10328 10352 12031 13610 14708 16420 20672 20823 20944 22723 22957 23306 23773 25263 25436 25919 27050 30293 30409 30732 30848 31345 33798 34831 36433 36761 37017 37580 40743 41869 42705 43515 44160 45409 45445 46907 47474 48375 48941 49955 50029 50762 51243 51556 53242 57581 58444 58626 62262 62358 63596 63662 65204 66320 67417 67892 69019 71299 71509 72632 72861 73106 74007 74979 75075 75155 78318 78346 84074 85535 85824 85838 86434 86763 88259 88506 88995 89538 89870 89942 89953 90247 90563 92080 92141 92605 94399 94495 94645 98219 98387 99001 99333 
8 814 998 1821 4898 8173 9028 10281 13151 13883 14189 14821 15883 16635 17558 18259 19784 20372 23364 24322 24483 25627 26313 26635 27164 31053 31085 34250 34321 34699 34852 35056 35688 36136 38976 40983 42336 42595 44604 45343 46788 47679 48437 48461 49874 51068 51803 52527 53016 53788 53918 56381 57223 58449 58893 59346 59437 60043 60701 62101 64124 66162 69424 71001 73055 73480 74753 76392 77107 80880 81959 82439 83727 85418 88490 89009 90133 92262 92571 92624 94172 94189 94276 95285 95469 96359 96985 97075 
8 814 998 1821 3501 4267 4898 7520 8173 9028 9475 10281 13151 13883 14189 14821 15883 16635 18259 19611 20372 20429 21402 23364 24322 24483 25627 26313 26635 27164 31085 32102 32350 34003 34250 34321 34699 34852 35056 36136 38976 40983 42336 42595 43334 44604 45131 45343 46788 47679 48437 48461 51068 51803 52527 53016 53324 53788 53918 54976 56381 57223 58449 58893 59346 59437 60043 62101 64124 66162 69424 71001 73055 73480 74753 75493 76392 77107 80052 80880 81959 82439 83727 85418 88490 89009 90133 92262 92571 92624 94172 94189 94276 94539 94715 95285 95908 96359 96985 97075 97347 98517 
151 2133 2187 2744 3043 3286 3609 3841 4305 4555 7076 7253 7330 7701 7794 7915 7926 9556 9644 10238 10554 10794 12970 13716 13965 14229 14692 14881 15603 17558 18843 19784 20130 23020 23217 23770 23873 24013 25047 25447 25475 25564 26907 28202 28347 31053 31292 31391 31765 32435 32981 33437 35567 35688 36355 37005 37220 38084 39004 39433 41837 42018 42030 42091 43139 43535 43881 45372 46482 47043 47482 48637 49212 49874 52107 52517 53070 54185 55295 55305 55530 55853 56822 57525 58933 59926 60364 60701 60999 62058 63907 65230 65775 66416 68079 71261 73378 74014 75453 75877 76599 77198 78039 79103 79445 79758 82690 84825 86478 86889 87286 88303 88573 88656 90046 94376 95469 95507 96339 96492 97160 97702 98065 98527 99319 99425 99793 
154 2133 2187 2744 3043 3286 3480 3609 4305 4555 7076 7253 7701 7926 9556 10238 10794 12970 13716 13965 14796 14881 15603 18843 20130 20161 23217 23873 24013 25047 25447 25564 26907 31292 31391 32435 33437 36355 37005 37220 37533 38084 39004 41837 42018 42030 43139 43881 46482 47043 47482 48637 52107 52517 53070 54185 55295 55305 55530 56759 56822 58933 59926 60364 60999 62058 63907 65230 65775 66416 68079 68651 71261 73378 74014 75453 75609 76679 77198 78039 79103 79445 79758 80798 82690 84825 85479 86478 86889 88303 88656 92676 95507 96339 97160 97702 98065 99752 99793 
135 1358 2094 2500 4149 4382 6010 9735 10555 10747 11983 12644 12654 13626 13669 13901 14382 15587 15687 16376 17373 17522 18775 18961 19327 21887 23459 23690 23781 24780 25156 25284 25317 25423 25621 26007 26099 30014 31967 32303 32594 33503 33615 33858 34541 35326 36882 37084 37103 37702 39415 40813 42111 43217 43911 45035 45760 45812 46771 46874 48086 49217 49361 50370 50452 51419 52125 52307 52950 54577 56523 56983 58803 59439 59544 60233 60504 61181 62436 62765 63249 63602 63874 64623 65183 65931 66664 67085 67877 69057 71811 72439 73492 73517 76493 76735 77887 77959 78559 78948 78972 79645 80854 82957 83626 84310 85104 86514 86612 86643 86762 87930 88262 88673 88726 89240 89883 90553 91337 91390 91896 93004 93315 93536 95016 95275 95454 96510 97628 99185 99671 
135 2094 4149 4382 6010 6915 8761 8894 9170 9735 10555 10747 11983 12644 12654 13669 14382 15687 16376 17522 18961 19327 23459 23690 23781 23972 25264 25317 25423 25621 26099 30834 31967 32303 33503 33615 33858 34541 35326 35639 36877 36882 37084 37103 37262 37702 38689 40016 40578 40813 41693 42838 44199 45035 45760 47020 49217 49361 50370 50452 50838 52125 52950 56983 58803 59439 59544 60233 60504 61181 62436 62765 63249 63602 63874 63981 65183 67085 67877 69057 71378 71811 72439 73492 73497 73517 75926 76493 77887 78559 79046 79645 80854 81298 81555 82957 83626 84310 86612 86643 86762 88262 88673 88726 89240 89883 90553 91390 91762 91896 93004 93315 93536 93659 94466 94503 95016 95275 95454 96183 99671 99918 
1154 1868 2505 3980 4386 5232 5372 5409 6023 7183 8308 8433 9027 9351 10984 11366 12294 12372 12415 13476 14963 16409 16619 17697 18389 18585 18842 19585 20160 20693 20809 22792 26026 26517 28599 28959 28971 30809 30920 31497 31922 33646 34026 34324 34480 36198 36861 37567 40492 41262 41891 42197 44109 44180 46758 50953 51303 51774 51975 52260 52340 54755 56101 56360 57699 57895 58285 59708 60386 61872 62073 63254 64663 65022 66714 67258 69005 70539 71193 72202 72560 74259 77112 82996 83393 83677 83951 84791 85992 86833 87011 87266 87377 87730 88553 88623 89087 89561 89982 91463 91512 92905 93771 95071 96725 97392 97733 97957 98014 98251 
1154 2505 2510 2632 3530 3980 4386 4594 4726 5372 5624 5974 6023 7183 8308 8433 9027 9351 10984 11366 12294 12372 12415 13476 15189 16409 16619 16992 17697 18389 18585 18842 19467 19585 20160 20693 20809 23618 24488 26517 28599 28959 28971 30920 31497 31922 33646 34026 34324 34480 36198 36861 37567 38656 38946 39248 40492 41262 41891 42197 43994 44109 45253 46758 46808 47315 50953 51303 51975 52260 52340 54064 54755 54875 56101 56914 57699 57895 58285 59581 59708 60386 60815 61872 62073 63254 64247 64663 65022 66714 67258 67670 68620 68805 69005 69183 70539 70558 71193 71244 71391 72202 72560 73264 74259 74921 77112 78422 79453 82996 83393 83677 83951 85992 86833 87011 87266 87377 87730 88149 88553 88623 89087 89561 89982 91405 91512 92905 95071 95090 97392 97733 97957 98014 98251 99915 
807 2397 3391 3604 4324 4659 4692 6479 6923 8397 8508 12342 14745 17771 19343 19561 20376 20543 21005 23010 23356 24665 26256 26343 26648 27081 27338 28220 28640 29090 29200 29573 29728 33372 34463 36003 36868 37371 37654 38837 40921 41301 43783 44417 44961 45541 46845 47320 47879 47969 48436 50012 50285 50663 50789 51145 51376 51574 52351 52606 53177 53230 56337 56428 56435 56964 57946 59067 60985 61705 61854 62413 63371 63655 67364 67780 68167 68241 69693 70945 71393 72934 72960 73313 73356 73549 73669 75534 76277 76725 77333 77480 77499 77652 79125 79137 79336 79729 79906 80469 81585 82254 83879 83923 83939 84061 84393 84540 84669 84722 85429 90418 91126 91587 91850 92751 94986 95237 96658 96719 97407 97427 97601 97701 
807 1643 2397 3604 4324 4659 4665 4692 6479 6923 8397 8508 12342 14745 15602 19343 19561 20376 20543 21005 23356 24665 26256 26343 26648 27081 27338 28220 29090 29200 29573 29728 30645 33372 34463 35070 36003 37371 37654 38837 40921 41278 41301 41896 42718 43783 44417 44961 45541 47320 47879 47939 47969 48436 49228 50012 50285 50663 50789 51145 51574 52351 52606 53230 56337 56428 56435 56632 56858 56964 57665 59067 60985 61355 61705 61854 63371 63655 65958 67259 67364 67812 68167 68241 70704 71393 72251 72934 72960 73313 73549 73669 74558 74837 75534 76725 77333 77480 77652 79234 79336 79729 79906 80425 80469 81585 82254 82511 83879 83939 84061 84393 84540 84669 84722 85429 90418 91850 92751 95237 96658 96719 97407 97427 97646 97701 99979 
723 1544 2595 3590 6883 7003 7699 7798 7969 8717 8880 9326 10432 10845 11747 12301 13574 14106 15673 16322 16860 17406 17679 17910 19363 20460 21271 21553 21733 21986 22652 24956 25214 25656 26957 27199 27809 31015 31423 31501 31853 32287 34516 34603 36191 36453 37194 38310 38380 38870 39841 40457 40732 42129 42412 44053 48107 48205 48384 49440 50384 50563 51350 53224 54542 55752 57121 60558 60991 61405 62905 63045 63095 64286 65697 67588 67829 67873 68291 71285 72205 72891 73553 73648 74242 75172 75535 75841 76889 77603 77636 78483 78937 79179 80540 81398 81728 82287 82851 83400 83581 84822 85174 86823 87254 87367 89417 89648 90112 90219 91719 92123 94130 94293 94628 95203 96685 96841 97851 98640 
723 2494 3590 4156 6883 7003 7699 7798 7969 8717 8880 9326 10432 11747 12301 13574 14106 15673 16322 16860 17406 17679 17910 18118 20460 21271 21553 21733 21986 24956 25214 25656 26957 27199 27654 27809 31015 31423 31501 31638 31853 32287 34516 34603 35444 36191 36453 38310 38380 38870 39841 40457 40732 42129 42265 42412 44053 47801 48205 48384 48422 49440 50338 50384 50563 51350 54542 55014 55752 55817 59645 60558 60991 61405 62905 63045 64286 65697 67588 67829 67873 68291 71285 72205 73648 74242 75172 75535 75841 76265 76889 77603 77636 78483 78937 79179 80540 81383 81398 81728 82287 82851 83400 83424 83581 85174 85530 86823 87254 87367 88180 89417 89648 90112 90219 91719 94130 94293 94500 94628 95203 96685 96841 97851 98640 
308 2041 7626 14203 16049 16214 16627 17857 19688 20376 20543 21005 23356 24665 26256 26343 26648 27081 27338 28220 29090 29200 29573 29728 33372 33665 33676 34463 34828 36003 37230 37371 37654 38837 40921 41301 43783 44417 44654 44835 44961 45541 47320 47879 47969 48436 50012 50285 50663 50789 51145 51574 52351 52606 53230 55005 55372 56337 56428 56435 56964 59067 60985 61705 61801 61851 61854 63371 63655 67364 68167 68241 70721 71393 72934 72960 73313 73474 73549 73669 74796 75534 76725 77333 77480 77652 77889 77921 78747 79336 79668 79729 79906 80469 81585 81758 82254 83662 83879 83939 84061 84214 84393 84540 84669 84722 85429 87366 88147 90418 90474 91850 92751 95237 96658 96719 97346 97407 97427 97701 98998 99500 
2041 16049 16214 16627 17857 19688 20376 20543 21005 23356 24665 26256 26343 26648 27081 27338 28220 29090 29200 29573 29728 33372 33665 34463 36003 37230 37371 37654 37863 38837 40921 41228 41301 43179 43783 44417 44654 44835 44961 45541 46724 47320 47879 47969 48436 50012 50285 50663 50789 51145 51574 52351 52606 53230 56337 56428 56435 56964 59067 60985 61705 61801 61851 61854 61865 63371 63655 67364 68167 68241 70721 71393 72934 72960 73313 73474 73549 73669 74630 74796 75534 76725 77333 77480 77652 77889 77921 78747 79336 79729 79906 80469 81585 81758 82254 83879 83939 84061 84214 84393 84540 84669 84722 85429 88147 89793 90418 90474 91850 92751 95237 96658 96719 97346 97407 97427 97701 98998 
315 871 2259 3126 3322 4526 5343 6673 7162 7525 7842 9483 10026 13541 13613 15140 17045 17252 18548 18560 19410 19417 20795 20846 22629 22822 23408 23438 23509 23847 24386 26166 27508 28801 29435 29668 29838 30034 33585 33951 34081 37705 39204 39464 39504 41130 41908 42076 42300 43928 44657 45203 45256 45334 45363 47712 47843 48182 48381 53857 54097 57408 57614 59510 59964 61209 63531 63769 64821 66249 66551 67623 67902 68376 68493 68515 69887 71613 71788 72611 72906 73367 74081 74089 74314 74692 75941 76718 76867 77911 78074 78451 79053 81574 81665 82333 82887 83435 83512 83662 84038 84801 84864 86866 87195 87500 89473 90703 90892 93794 93870 94742 95510 97424 97749 97828 99545 
315 871 1557 2233 2259 3126 3322 4526 5343 6673 7162 7525 7842 9483 10026 13541 13613 13783 15140 17045 17252 18201 18311 18459 18548 18560 19410 19417 20795 20846 21995 22629 22727 22822 23408 23438 23509 23847 24386 26166 27508 28801 29435 29668 29838 30034 33585 33951 34081 35031 37705 39204 39464 39504 41130 41908 42076 42300 43928 44224 44345 44657 45203 45256 45334 45363 46324 46501 47011 47712 47843 48182 48381 49094 52572 53857 54097 54605 56125 56531 57408 57614 59510 59964 61209 61618 63531 63769 64821 66249 66551 67623 67902 68304 68376 68493 68515 69887 71613 71788 72611 72906 73367 74081 74089 74314 74692 75941 76205 76718 76820 76867 77612 77911 78074 78451 79053 81574 81665 82333 82874 82887 83435 83512 84038 84801 84864 86866 87195 87500 88837 89473 89894 90703 90892 93309 93794 93870 94742 95510 97424 97437 97749 97828 99545 
1764 2431 3342 4384 5194 6170 6282 6995 7939 14561 16548 20028 24941 25192 25354 27307 27437 28706 30001 32790 32839 33178 33665 34463 35172 35659 35826 36003 37230 37371 37654 38837 39298 40921 41301 41702 43783 44417 44654 44835 44961 45066 45541 45542 45870 45939 46961 47320 47879 47969 48436 50012 50285 50663 50789 51145 51574 51630 52351 52606 53230 56337 56428 56435 56964 59067 60985 61692 61705 61801 61851 61854 62754 63014 63371 63655 66850 67364 68167 68241 68671 70721 70884 71393 72885 72934 72960 73313 73474 73549 73669 74098 74302 74796 75534 75686 75706 76174 76725 76763 77333 77480 77543 77652 77889 77921 78747 79336 79729 79906 80129 80469 81585 81758 82254 83795 83879 83939 84061 84099 84214 84393 84540 84669 84722 85429 86614 88147 88884 90418 90474 90911 90953 91315 91850 92751 92889 93645 94265 94827 94993 95237 95404 96658 96719 96829 97346 97407 97427 97701 97886 98306 98998 
2695 4384 6170 6282 7939 8097 16548 20901 21869 24941 25192 30001 32790 32839 33178 33665 34463 35826 36003 37230 37371 37654 38837 39298 40921 41301 41702 43783 44417 44654 44835 44961 45066 45541 45542 45870 47320 47879 47969 48436 50012 50285 50663 50789 51130 51145 51574 51630 52351 52606 53230 56337 56428 56435 56964 59067 60985 61705 61801 61851 61854 63371 63655 66850 67364 68167 68241 70721 71393 72885 72934 72960 73313 73474 73549 73669 74098 74796 75534 75686 75706 76174 76725 76763 77333 77480 77652 77889 77921 78747 79336 79729 79906 80129 80469 81585 81758 82254 83067 83879 83939 84061 84099 84214 84393 84540 84669 84722 84925 85429 88147 90418 90474 91315 91850 92751 92889 93645 94265 95237 96658 96719 96829 97346 97407 97427 97701 98998 
295 497 973 1149 1169 1689 1904 2661 3470 4085 4862 6655 7891 9138 11272 11475 12087 12593 12759 13053 13461 14495 15054 15206 15500 16381 17365 17790 17918 18226 18278 19412 19494 20459 20947 21030 23427 23564 23884 24440 24900 25159 25355 25730 26312 27236 28082 28134 28534 29148 30454 30829 31535 31885 32109 32222 34022 36171 36297 36531 36787 37056 37101 38057 38314 38749 39022 39739 40114 40515 41094 41128 42044 42851 43169 43332 44325 44801 45508 45612 46268 46357 46677 47032 48870 49244 49467 50077 51116 52609 53364 53850 54268 54868 55321 55668 55670 56018 56029 56072 57264 58399 59027 59868 60610 61629 62319 62691 63071 64209 64704 65114 68060 69088 69545 69858 70427 71179 71756 71775 72269 73405 73411 73573 73595 74070 74188 75373 75768 76199 77009 77375 77660 77691 79471 79766 81779 82088 82947 83072 84904 87516 87611 87808 90428 90631 90914 92554 92726 93274 95202 96045 96138 96290 96346 96607 97554 97935 98164 98715 
295 497 973 1169 1689 1904 2590 2661 3470 4085 4447 4862 5390 6655 9138 9954 10841 11213 11256 11272 11475 12087 12593 12759 13461 13581 14495 15054 15206 17054 17365 18226 19038 19412 19710 20459 20947 21030 22350 23427 23564 24440 24900 25159 25355 25535 25730 26312 26631 27236 28082 28134 28534 29225 29550 30454 31535 31885 32109 32222 36171 36297 36531 37056 37101 37114 38057 38314 38749 39022 41094 41128 42044 43169 43332 44222 44325 44801 45508 46268 46357 46677 46950 47032 48870 49244 49467 49771 49971 52609 53364 53850 54268 54868 55321 55668 55670 56029 56072 56951 57264 58399 58668 59027 59868 60610 61629 62319 62570 64209 64704 65114 68060 69088 69545 70427 70939 71179 71756 71775 72269 73377 73405 73411 73573 74070 74188 75768 76080 76199 77009 77375 79471 79766 80032 80931 82088 82947 86011 87516 87611 87808 90631 90914 90944 92554 92678 92726 93274 95202 95652 96045 96138 96207 96290 96346 96521 96607 97554 97935 98715 
725 1623 3017 4061 6193 6503 6618 6803 7283 8865 9098 9983 10169 10563 12019 12883 12935 13493 13568 13865 14183 14783 17210 18610 18999 19767 20494 21069 21717 21939 22354 22670 22719 23172 23585 24056 24518 24578 24657 25483 26280 26597 26812 27390 27449 29067 29638 29898 30705 31246 31363 31440 31687 32020 32141 32305 32310 32580 32889 35199 36961 37026 37033 37163 38633 38759 38863 39638 40244 40411 40525 40972 41033 41690 42392 42456 43040 43448 43459 43750 43903 44215 45677 46131 46239 47001 47581 47772 48278 48288 48613 48734 48766 49154 49472 50028 51560 51824 52430 52769 53228 53567 53690 53835 54511 56223 56514 57312 57883 58931 59024 59745 59991 60079 60236 61236 63039 63047 63327 63439 63849 65032 67199 67373 68287 68835 69436 69655 70286 70609 70918 71454 73141 73250 73779 74400 76229 76863 77140 78315 78410 79579 80332 80953 80964 81156 82275 82618 83154 83720 84021 84448 85437 85832 86041 86299 87630 88349 89321 91198 91201 91723 92046 92390 93433 94513 94834 95381 95708 95806 96192 96270 97664 98256 98632 98955 99854 
725 1623 1643 3017 4061 6193 6503 6618 7283 8865 9098 9983 10169 10563 12019 12883 12935 13568 13865 14139 14183 14598 16455 17425 18610 18999 19555 21069 21717 21939 22354 22670 22719 23172 23585 24578 24657 26597 26812 27390 27449 29067 29638 29698 29898 30094 30705 31246 31440 32305 32310 32889 35199 36961 37026 37033 37163 37617 38759 38863 39921 40244 40411 40525 41033 41690 42392 42456 43040 43459 43903 44215 46131 47581 47772 48278 48288 48613 48734 49154 49228 49472 50028 52430 53228 53567 56858 57312 58931 59024 59745 59991 60236 62860 63039 63327 63439 63849 65032 66891 67199 68287 69436 69655 70022 70286 70559 70609 70918 71454 71487 71635 73250 73779 74016 74400 76229 76863 77140 78315 78410 79579 80332 80953 80964 81156 82275 82618 83154 83720 84021 85402 85832 86139 86299 87630 88349 89321 91198 91201 92046 92116 92390 94513 94834 95015 95708 95806 96192 96270 97664 98053 98256 98632 99854 
315 871 1113 1280 1934 2259 2946 3126 3322 4526 5343 5693 5736 6673 7162 7525 7842 8713 9167 9483 10026 10307 11657 12478 12700 13287 13471 13541 13613 15140 16517 16883 17045 17252 18548 18560 19410 19417 19422 19982 20045 20795 20846 21058 21764 22295 22629 22632 22822 23408 23438 23509 23706 23847 24098 24386 25218 26166 26167 26942 27508 27674 27951 28026 28163 28277 28801 29435 29668 29838 29933 30034 30133 30963 31033 33585 33951 34081 34713 35021 35750 35757 36235 37126 37400 37586 37705 39199 39204 39464 39504 40441 41130 41908 42076 42300 42879 43088 43928 44657 44738 45203 45256 45334 45363 46237 46657 46916 47712 47843 47911 48182 48381 48914 49576 50691 50841 50934 51769 53630 53857 54097 56051 56554 56753 56978 57408 57614 58278 59154 59241 59510 59964 61209 61312 63463 63472 63531 63769 64034 64821 66249 66551 67231 67623 67902 68367 68376 68440 68462 68493 68515 69585 69807 69887 70004 70169 70654 71613 71788 71940 73861 74769 76452 78078 78511 79997 80261 80342 84000 91366 91425 91787 92341 92748 93382 95567 96052 97901 98457 98471 99751 
315 871 1280 2259 3126 3322 4353 4406 4526 5343 5693 6673 7162 7525 7626 7842 8729 9483 10026 10307 12478 13471 13541 13613 14203 15140 16883 17045 17252 18548 18560 19410 19417 19422 20045 20795 20846 21664 21764 22327 22629 22632 22822 23408 23438 23509 23706 23847 24098 24386 25218 26166 26167 27508 27951 28026 28071 28163 28801 29242 29435 29668 29838 29933 30034 30906 30963 31026 31349 32075 32349 32561 33084 33415 33585 33676 33951 34081 34713 34828 35750 37126 37400 37586 37705 39204 39464 39504 40441 41130 41908 42076 42300 43088 43928 44657 45203 45256 45334 45363 46237 46423 46916 47712 47843 48182 48381 48914 49576 50691 50934 51769 53630 53857 54097 54532 55005 55865 55921 56051 56543 56554 56978 57408 57614 59510 59964 60435 61209 61312 61378 63472 63531 63769 64034 64540 64821 65586 66249 66551 67623 67902 68376 68440 68462 68493 68515 69807 69835 69887 70169 70546 70654 71410 71535 71613 71788 71940 72929 73290 74729 74769 77851 80342 83662 84000 86515 87366 91366 91425 91697 91787 92752 93382 93753 93821 96052 97901 98471 99026 99087 99245 99500 99751 
5 705 1361 2765 3024 4266 4298 4412 5762 6665 6991 7334 7415 7582 9878 9918 9989 10055 11192 11292 12228 12535 12929 13527 13589 13851 14799 15563 15900 15917 16392 16772 16805 17665 18231 19288 19936 20921 21629 23480 23597 23821 24460 25162 25791 27207 27281 27406 27930 28244 28928 29104 29411 29814 30123 30128 30148 30281 31116 31125 31341 31556 33153 33156 33490 33498 33519 34083 34845 35455 35997 35999 36065 36655 37052 37063 38341 38839 40058 40824 41602 41938 42032 42149 44159 45588 48307 48507 48650 49013 49693 49940 50025 50179 50268 50462 51225 51341 51724 52037 52180 52233 52953 53075 55152 56033 56328 56883 57039 57751 57955 58653 59813 60455 61845 62608 62621 64070 64146 64727 64904 65019 65413 65705 65838 66460 68736 69767 71794 72684 73247 73502 73504 74354 74936 75086 75193 75658 76261 76926 77953 78151 80277 81269 82320 83457 83821 83895 84029 85794 86169 86356 86502 86770 86918 86935 87702 87946 88011 90156 90343 90546 90682 91094 91616 94594 95070 95650 97450 98873 99156 99589 99629 
5 705 1361 2114 2765 3024 4412 6665 6991 7415 7582 9219 9918 10055 11192 11292 12228 12535 13589 13851 14799 15563 15900 15917 16392 16772 16805 17665 18228 18805 19288 19466 19936 20819 21629 22511 23480 23597 24460 25162 27207 27281 27406 27930 28244 28928 29104 29411 29814 30123 30128 30148 30281 31116 31125 31307 31556 33153 33156 33490 33498 33519 34083 34625 35455 35999 36655 37052 37063 38341 40058 40824 41602 41938 42032 42149 43062 45588 47845 48307 48507 49013 49693 49940 50025 50130 50179 50268 50462 51225 51341 52180 53075 54881 55152 56033 56328 56752 56883 57039 57751 58653 59813 60455 61274 61845 62608 62621 64070 64146 64433 64727 64904 65019 65413 65615 65705 65838 68736 69767 70027 72684 73247 73502 73504 75057 75086 75193 75658 76261 76926 77953 78151 80277 81269 81825 82320 83188 83457 83821 84029 85794 86169 86356 86502 86770 86918 86935 87702 87946 88011 90156 90343 90682 91100 91616 94594 95650 97450 97938 98061 98873 99156 99589 99629 
807 2041 2397 2781 3604 4324 4384 4659 4692 6170 6282 6479 6923 7939 8397 8508 11944 12342 13098 13116 14745 16049 16214 16548 16627 17857 19343 19561 19688 20376 20543 21005 23356 24665 24941 25192 26256 26343 26648 27081 27338 28220 29090 29200 29573 29728 30001 32790 32839 33178 33372 33665 34463 34881 35826 36003 37230 37371 37654 38837 38901 39298 40921 41301 41702 42467 43783 44417 44654 44835 44961 45066 45538 45541 45542 45870 47320 47879 47969 48436 49930 50012 50285 50663 50789 51145 51574 51630 52351 52606 53230 56337 56428 56435 56669 56964 59067 59143 60985 61705 61801 61851 61854 63371 63655 66850 66965 67364 68167 68231 68241 70721 71393 71579 72885 72934 72960 73313 73474 73549 73669 74098 74796 75534 75686 75706 76174 76725 76763 77333 77480 77652 77889 77902 77921 78747 79336 79729 79906 80129 80469 81585 81758 82254 83879 83939 84061 84099 84214 84393 84540 84669 84722 85429 88147 90418 
425 807 2041 2397 2781 3604 4324 4384 4659 4692 6170 6282 6479 6923 7939 8397 8508 11025 12342 13098 14745 16049 16214 16548 16627 17857 19343 19561 19688 20376 20543 21005 23356 24665 24941 25192 26256 26343 26648 27081 27338 28220 29090 29200 29573 29728 30001 32790 32839 33178 33372 33665 33836 34463 34881 35826 36003 37230 37371 37654 38837 39298 40921 41301 41702 43783 44417 44654 44835 44961 45066 45103 45541 45542 45870 47320 47879 47969 48436 49930 50012 50285 50663 50789 51145 51574 51630 52351 52606 53230 56337 56428 56435 56964 59067 60985 61705 61768 61801 61851 61854 63371 63655 66850 66965 67364 68167 68241 70721 71393 72885 72934 72960 73313 73474 73549 73669 74098 74796 75534 75686 75706 76174 76725 76763 77333 77480 77652 77889 77921 78747 79336 79729 79906 80129 80469 81585 81758 82254 82839 83879 83939 84061 84099 84214 84393 84540 84669 84722 85429 88147 90418 92593 94304 
835 1364 1574 2071 3277 3663 3812 4045 4187 4266 4298 4521 5092 5123 5569 6029 6453 6636 7682 7714 7742 8451 9192 9330 10478 11037 11416 12724 13527 13842 13940 14011 14226 14229 14437 14668 14692 15108 15852 17490 17558 19358 19784 19908 19957 20768 20813 20921 21550 21658 22406 22728 22729 22827 22837 23000 23194 23540 23770 24526 25640 26706 26752 27627 28347 28469 29208 31053 31341 31410 31439 31659 32052 32074 33375 33416 33763 34025 34084 34622 34758 35128 35315 35688 36023 36065 37218 37314 37852 38270 38839 39353 40277 42152 43888 43899 44226 44804 44932 45264 45372 46101 46573 46998 47176 47279 47398 48262 49140 49246 49874 50019 51673 51724 52037 52233 52867 53386 53795 55539 56511 57167 57373 58007 58362 58389 59490 60285 60525 60701 60782 61826 66818 66972 67319 67381 67540 70001 70763 71214 71518 72020 72084 72361 72529 73747 73841 73842 74329 74428 75238 75877 77249 77489 79147 79647 81164 81387 81449 81787 81800 82519 83468 83584 83756 85551 85828 85875 85991 86233 86538 86882 87078 87967 89028 89041 90546 91114 91652 91872 92244 92374 92727 94283 95074 95281 95469 97867 98042 98167 99319 99524 
1226 1364 1574 2071 2543 2695 3277 3663 3812 4045 4187 4521 5092 5123 5569 6029 6453 7682 7742 9192 9330 10478 11037 11416 12614 12724 13719 13842 13940 14011 14226 14437 14668 15108 15852 16673 16721 17490 19358 19908 19957 20768 20813 21550 21658 22406 22728 22729 22827 22837 23000 23194 23540 23741 24526 24923 25034 25640 26706 26752 27143 27627 28469 29208 30284 31410 31439 32052 32074 32776 33375 33416 33763 34025 34758 35128 35315 36023 36831 37218 37288 37314 37576 37852 38270 39353 40277 40610 40833 41765 42152 43129 43888 43899 44226 44932 45015 45264 46101 46573 46998 47176 47224 47279 47398 48262 49140 49246 50019 53386 53795 55539 55969 56702 57167 57373 58007 58362 58389 59490 60285 60451 60525 60782 61826 61906 66818 66972 67319 67381 67540 70763 71214 71518 71543 72020 72084 72361 72529 73171 73747 74329 74428 75238 77249 77489 79049 79099 79147 81164 81387 81449 81787 81800 82519 83468 83584 83756 85551 85828 85875 85991 86233 86538 86882 87838 87967 89028 89041 90032 90260 90447 91114 91652 91721 91872 92244 92374 92727 94283 95074 95281 97517 97867 98042 98120 98167 99524 
725 1082 1623 2240 2698 3017 3140 3318 3903 4061 4495 5309 6047 6193 6278 6309 6418 6503 6618 6825 6902 6993 7283 8865 9098 9496 9983 10044 10169 10513 10563 10590 10633 10806 10937 11056 11846 12019 12255 12290 12883 12935 13171 13568 13865 14183 14298 15246 15593 16351 17040 17310 18501 18610 18999 19505 20295 21069 22105 22175 22249 22578 22952 23346 23651 23802 25588 26228 26354 27175 27736 29276 30466 30579 31909 32125 32137 32831 34080 34200 34814 34856 35124 35338 35401 35923 36886 37140 38001 38024 38175 39918 39968 40784 41131 41302 41385 41621 42297 43273 43364 43565 44497 44555 45540 46414 48767 48835 49752 51204 51342 52128 52713 52805 53414 53589 53644 54642 54687 54970 55118 55412 55896 56169 56395 57330 57519 58205 58809 59455 60642 62146 62488 63491 64458 65689 65896 66129 66197 66412 66469 66522 67583 67880 67981 68186 69298 71234 71456 71542 71776 72123 72362 72515 72941 73384 73762 73930 74801 74817 75938 75988 76320 76481 77790 80505 80887 81272 81618 81792 82802 83687 83787 84692 84807 85040 85046 87449 88602 89000 89203 89853 90090 90138 90711 91110 91646 93489 94323 95629 96068 96544 96610 96667 96853 97857 98187 98713 99028 99037 99366 99761 
170 725 1623 1723 2240 2698 3017 3318 4061 4495 5309 6047 6193 6309 6503 6618 6902 6993 7014 7283 8865 9098 9983 10169 10513 10563 10633 10937 11056 11846 12019 12255 12883 12935 13171 13203 13568 13865 14183 15246 15593 15602 16351 17040 18501 18610 18999 19505 20295 21069 21563 21630 21910 22175 22249 22578 22952 23346 23651 23802 25451 25588 27175 27432 27736 29131 29276 29307 30466 30645 31909 32125 32137 32831 34200 34856 35124 35338 35401 35923 36886 38001 39918 39968 40210 41131 41278 41621 42718 43273 43364 43565 44497 44555 45540 46306 46414 47153 47212 48767 48835 49752 51204 52128 52713 52805 53414 53589 53644 54642 54687 54970 55118 55412 55896 56169 56395 57330 57519 57665 58205 58728 59416 59455 60250 60642 62146 62488 63037 63491 64458 64853 65689 65896 66129 66412 66522 66525 67812 67864 67880 67981 68186 68709 69208 69298 70704 71234 71456 71542 72123 72362 72941 73384 73597 73659 73744 73762 73930 74801 74817 74837 75938 76481 77790 80505 80988 81272 81618 81792 82511 82802 83281 83687 83787 84570 84692 84807 85040 85046 86012 86957 86983 88275 88602 89000 89203 89853 89876 90090 91110 92719 92926 94323 95629 96068 96544 96667 96853 97857 99037 99366 99979 
725 1623 2240 2686 2698 3017 3318 4061 4495 4638 5300 5309 5478 6047 6193 6309 6503 6618 6902 6993 7283 8607 8865 9022 9098 9983 10169 10513 10563 10633 10937 11056 11846 12019 12255 12883 12935 13171 13402 13568 13865 14183 14306 15246 15593 16351 17040 18501 18610 18999 19505 19732 20295 20388 21069 21726 22175 22249 22578 22671 22952 23346 23539 23651 23802 23826 25081 25588 27175 27736 29276 29509 30466 30480 31909 32125 32137 32420 32831 33356 34200 34856 35124 35338 35401 35923 36886 38001 38766 39136 39566 39918 39968 41131 41621 43273 43364 43565 44497 44555 45356 45540 46414 48767 48835 49405 49438 49752 51204 51367 52128 52713 52805 53247 53414 53589 53644 54584 54642 54687 54970 55118 55257 55412 55896 56169 56395 57262 57303 57330 57519 58205 58880 59455 60082 60114 60591 60642 61656 62146 62488 63491 63829 64311 64458 65689 65896 66129 66412 66522 67880 67981 68186 69298 71234 71456 71542 71617 71725 72123 72362 72941 73384 73762 73930 74801 74817 75938 76481 77790 78144 79938 80202 80505 81017 81272 81618 81792 82336 82802 83687 83787 84692 85633 92990 93434 97218 98116 99337 
725 1623 2240 2698 3017 3318 4061 4495 5309 5478 5599 6047 6193 6309 6503 6618 6902 6993 7283 8607 8865 9098 9983 10148 10169 10513 10563 10633 10937 11056 11846 12019 12255 12883 12935 13171 13402 13568 13865 14183 14306 15246 15593 16351 17040 18501 18610 18999 19505 19732 20295 21069 22175 22249 22578 22952 23346 23539 23651 23802 25081 25588 27175 27736 29089 29276 30466 31909 32125 32137 32420 32831 34200 34856 35124 35338 35401 35923 36886 38001 39136 39918 39968 41131 41621 43273 43364 43565 44497 44555 45540 46414 48767 48835 49405 49752 51204 52128 52713 52805 53247 53414 53589 53644 54584 54642 54687 54970 55118 55412 55896 56169 56395 57303 57330 57519 58205 59455 60591 60609 60642 62146 62488 63023 63491 63709 64311 64458 65689 65896 66129 66412 66522 67880 67981 68186 69298 71234 71456 71542 71617 72123 72362 72941 73384 73762 73930 74801 74817 75053 75938 76481 77790 77870 80202 80505 81017 81272 81618 81792 82802 83687 83787 84592 84692 85633 86715 92990 93434 93599 98116 99337 
84 480 482 781 947 1772 2167 2336 2700 2875 2962 3890 3911 4151 4472 4972 5267 5411 5470 5792 6183 7072 7372 7445 7545 8104 8983 9174 11216 11632 12821 12836 14542 14616 14830 15597 16291 17123 18473 19072 19444 19671 21006 21412 23280 24703 24797 25217 25357 25842 26561 26562 26934 27457 27724 28011 28426 28702 28787 29162 30652 30941 31343 32245 33413 33937 34046 34308 34385 34798 35298 35718 35733 35808 35818 36067 36657 37767 38745 39645 40447 41519 41696 42253 42359 42563 42811 43253 43559 44023 44263 44357 44810 45285 45335 46575 46709 46773 46968 46978 47737 47765 48118 49333 49452 49746 49854 50241 50352 50933 51653 52247 52541 53225 53570 53678 55020 55188 55597 56141 56359 56553 56666 57041 57472 57544 57688 57690 58198 59088 59121 61089 63584 63986 64997 65950 66814 67002 67017 67879 68445 68799 69196 69393 69501 71114 72129 72335 73302 73547 73698 75115 75166 75204 75543 75837 76042 76786 77041 77104 77145 77160 77518 77630 77802 78211 78471 78555 78566 78752 79779 80602 80841 81569 82318 82463 83963 84300 84579 84665 85316 86981 87399 87849 88202 88808 89177 90267 90394 90857 91507 91532 92318 92659 93242 93928 94154 94644 94727 96083 96134 96549 96571 96869 97168 97254 98242 98698 
84 480 482 757 781 1772 2167 2336 2700 2875 2962 3100 3890 4151 4972 5470 5792 6183 6722 7072 7372 7445 7545 7563 8104 8983 9174 10382 11216 11632 11638 12821 12836 13455 13795 14542 14616 14671 14830 15597 16291 17123 17618 19671 21006 21412 22322 22624 23280 23636 24703 25217 25842 26425 26561 26934 27457 27724 28011 28426 28702 28787 29162 30170 30941 31343 33413 33937 34046 34308 34385 34798 35718 35733 35808 35818 36067 36341 36657 39645 40447 41387 41519 42112 42253 42359 42563 42811 43559 44263 44357 44810 45285 45335 45694 46231 46575 46709 46773 46968 46978 47737 48118 49025 49150 49452 49746 49854 50241 50352 50933 51653 52247 52541 53225 53570 53678 55020 55188 55597 56141 56359 57041 57472 57544 57688 57690 58198 58592 61089 61840 63584 63986 64638 64997 65950 66814 67002 67017 67879 67987 68087 68445 68799 69196 69482 69501 69968 71114 72263 72335 73302 73432 73547 73698 74905 75115 75166 75543 75837 76042 76637 76868 77041 77104 77145 77518 77802 78211 78471 78555 78566 79073 79677 79779 80602 80841 81569 82013 82318 83963 84300 84579 85083 85316 86981 87399 87849 88110 88202 88808 90394 90857 91791 92176 92318 92659 92836 93124 93928 94644 94727 95950 96134 96571 96869 97168 97254 98242 98423 98698 98747 
466 1144 1500 1971 2180 2330 2416 3589 3752 3966 4368 4706 5815 7119 7516 7773 7961 8098 8720 8847 9305 9405 9576 10435 10537 10677 10992 11405 11621 11723 12463 12974 13156 13305 13533 14642 16973 17765 17876 18192 20587 20812 21029 21695 21846 23475 23973 24465 24937 26124 26633 27262 27681 28691 29113 29516 29598 30528 30629 30973 32834 33284 33832 34948 35026 35449 35968 36528 37041 37198 37804 38009 39245 40126 40379 40862 43007 45012 45380 45414 46220 46564 46591 47448 47534 47553 48233 48247 49204 49544 51266 51460 51601 52431 52596 52982 53152 53389 53426 53433 54846 55281 55869 56011 56551 56744 56803 57027 57038 57323 57550 57596 57841 58709 59459 59488 60595 61494 62487 62791 62937 62978 63772 63956 64233 64531 64710 65515 66277 68738 68764 68806 70143 70866 71644 73248 73511 74077 74880 75117 75167 75940 76212 76639 76774 77169 77508 77693 78112 78807 78819 79984 80186 80243 81061 81418 82271 83328 83370 83478 83537 83644 83980 84226 84738 84783 84833 84868 86674 87120 88788 89787 90195 90914 91654 91701 91875 91964 92554 92726 92832 93274 93279 93922 93985 94765 94881 95202 95931 96045 96138 96290 96346 96504 96607 97554 97935 98715 99110 99770 
466 1500 1971 2330 2416 3647 3752 3966 4706 5815 7119 7516 7773 7961 8098 8720 8847 9305 9405 10435 10537 10677 10992 11405 11621 11723 12974 13156 13305 13533 14642 16973 17765 17876 20587 20812 21029 21695 23475 23973 24465 24937 26124 26633 27262 27681 27867 28691 29113 29516 29598 30528 30629 32834 33284 33832 33861 34948 35026 36528 36978 37041 37198 37804 37961 38009 39245 40379 40862 43007 44520 45012 45380 45414 46564 46591 47448 47553 48233 48247 49204 49544 51266 51460 51601 52336 52431 52596 52982 53152 53389 53426 53433 54846 55869 56011 56803 57027 57038 57323 57550 57596 58709 59459 59488 60595 62487 62791 62937 62978 63772 63956 64233 64531 65515 66277 68764 68806 70650 71644 73248 73511 74880 75117 75167 75940 76212 76639 76774 77169 77693 78112 78807 78819 79984 80186 80243 81061 81418 82271 83328 83370 83478 83537 83644 83980 84226 84783 84833 84868 86674 87120 88788 89787 90195 90914 91108 91654 91701 91875 91964 92554 92726 92832 93274 93985 94765 94881 95202 96045 96138 96167 96290 96346 96504 96607 97554 97935 98068 98432 98715 99110 99770 
315 329 385 871 1071 1280 1844 2259 2807 3094 3126 3322 4050 4471 4498 4526 5006 5343 5684 5693 6487 6673 7162 7525 7842 7955 8177 9316 9408 9483 10026 10215 10307 11100 12359 12478 12826 12831 12841 13185 13471 13541 13608 13613 13678 14937 15140 15259 15947 16388 16883 17045 17252 18465 18548 18560 18611 19410 19417 19422 19911 20045 20256 20528 20547 20795 20842 20846 21712 21764 22151 22281 22629 22632 22772 22883 23386 23574 24852 25202 25690 25849 26470 26480 26656 26808 27361 27530 27577 27638 27692 28221 28394 28489 29315 29477 30401 30446 30745 32525 32974 34223 34737 35681 35840 36748 37776 37956 38036 38151 38190 38880 38962 40534 41974 42061 42121 42437 42857 42933 43272 43601 43696 44381 44503 44580 45013 45105 46344 46539 46956 47970 47980 48183 50431 52076 53489 55272 55899 55928 56215 56890 57076 58056 58268 58432 59113 60349 61442 63144 63657 63854 65374 65902 66332 67204 70819 71468 71953 72423 72824 73085 73139 73277 73737 73917 74180 74214 75091 77547 78301 78397 78406 79146 80502 82657 83160 83579 83799 84647 84914 84951 85383 85482 86060 86608 86682 87537 89083 89109 89301 90125 92247 93487 93713 95384 96190 97660 97682 98721 98877 99000 
315 385 871 1071 1149 1280 2259 2807 3094 3126 3322 4050 4471 4526 5343 5684 5693 6487 6673 7162 7525 7842 7891 7955 8177 9316 9408 9483 10026 10307 10945 11100 11719 12359 12478 12826 12831 12841 13017 13053 13185 13471 13541 13608 13613 14937 15140 15259 15500 15947 16381 16883 17045 17252 17790 17918 17950 18278 18465 18548 18560 18611 19410 19417 19422 19911 20045 20256 20528 20547 20795 20842 20846 21712 21764 22281 22629 22632 22772 22883 23574 23884 24536 24852 25202 25690 25849 26470 26656 26808 27361 27530 27577 27638 27692 28221 28394 28489 29315 29477 30401 30446 30745 32525 34022 34223 34737 35681 35840 36748 36787 37956 38036 38151 38190 38880 39739 40114 40534 40780 41974 42061 42121 42437 42851 42857 42933 43272 43601 43696 44503 44580 45013 45612 46344 46539 46956 47148 47970 47980 48183 50077 50431 51116 53489 55031 55272 55899 56018 56215 56890 57076 58056 58268 58432 59113 60349 61442 62691 63144 63657 63854 65374 65902 66332 67204 69858 70144 70819 71468 71683 71953 72423 72624 73085 73277 73366 73595 73737 73917 74180 74214 75091 76667 77547 77660 77691 78301 79146 80502 83072 83160 83579 83799 84647 84904 84914 84951 85482 85624 86060 86608 87537 89093 89301 90125 90428 90776 91879 92247 93487 93713 95384 96190 97660 97682 98721 98877 99000 99907 
1154 2505 3980 4386 5372 6023 7183 8308 8433 9027 9351 9752 10801 15955 17244 17434 18553 20080 20830 21903 22060 23296 24244 26752 27447 27627 27921 28285 28469 29208 29572 31410 31439 32052 32074 32632 32935 33344 33345 33375 33416 33427 33763 34025 34758 35059 35128 35315 35415 36023 37218 37314 37842 37852 38220 38270 38547 39353 40277 41340 41862 42152 42258 42351 42784 43603 43888 43899 44226 44915 44932 45264 45277 46101 46311 46573 46867 46998 47042 47176 47195 47279 47398 47420 48262 49140 49246 50019 50847 51785 52068 52660 52978 53254 53386 53795 54710 54957 55374 55466 55539 56221 56268 57089 57167 57373 58007 58362 58389 59490 59790 60285 60525 60782 60892 61110 61440 61642 61826 62137 62758 63671 65187 66818 66972 67319 67329 67381 67540 67699 68267 68396 69236 69445 69711 70763 70891 71088 71214 71518 72020 72084 72361 72529 73747 74329 74428 74445 75238 75984 77249 77489 78370 79147 79893 79941 81164 81387 81449 81513 81787 81800 82519 83468 83584 83756 85177 85551 85828 85875 85991 86233 86538 86882 87230 87967 89028 89041 89379 89662 90353 91114 91652 91738 91872 92244 92374 92727 94250 94283 94604 94943 95074 95281 96168 97867 98042 98167 98773 99238 99524 
4 221 1154 2505 3980 4386 5372 6023 6631 7183 8308 8398 8422 8433 9027 9351 10801 12425 13776 14273 15955 17244 17434 18284 19155 20080 20830 21903 23296 24244 24305 26634 26752 27245 27447 27627 27921 28469 29208 29572 31410 31439 32052 32074 32632 32935 33344 33375 33416 33427 33763 34025 34758 35059 35128 35315 35415 36023 37218 37314 37852 38220 38270 38541 38547 39353 40277 40927 41340 41862 42152 42258 42351 42784 43603 43888 43899 44226 44405 44915 44932 45055 45264 45477 46101 46311 46430 46573 46867 46998 47042 47176 47195 47279 47398 47420 47707 47951 48262 49140 49246 50019 50530 52068 52660 52978 53386 53795 54710 54957 55374 55539 56221 56268 57089 57167 57373 58007 58331 58362 58389 59490 59944 60144 60285 60525 60782 60892 61110 61440 61642 61826 62137 62758 63671 64738 65187 66818 66972 67319 67381 67540 67699 68267 68396 69445 69711 70763 71088 71214 71518 71555 72020 72084 72361 72529 73312 73747 74329 74428 74445 74716 75238 75438 77249 77406 77489 78370 79147 79800 79893 79941 81164 81387 81449 81787 81800 81843 82519 83468 83584 83756 85177 85551 85828 85875 85991 86233 86538 86882 87967 89028 89041 89379 90353 91114 91583 91652 91872 92244 92374 92727 94006 94250 94283 94604 94632 94943 95074 95281 96168 97867 98042 98167 98773 99238 99524 
163 679 2768 3913 6781 8666 9363 9389 10984 11366 12294 12372 12415 13280 13476 14565 15604 16409 16439 16582 16619 17081 17697 18062 18389 18585 18752 18842 19527 19585 20160 20612 20693 20809 21439 22172 22707 23448 23644 24090 25163 26517 26731 28599 28959 28971 29128 30083 30920 31497 31922 32186 33282 33646 33979 34026 34324 34480 36198 36391 36861 37567 39741 40157 40256 40492 41262 41756 41891 42197 42593 44109 46078 46532 46758 47233 48254 48937 49786 50255 50728 50953 51190 51303 51332 51975 52260 52340 54755 56101 57325 57699 57895 58072 58285 59708 60382 60386 61569 61620 61872 62073 63254 64663 65022 65123 66714 67258 67748 68223 69005 69215 70539 71141 71193 72202 72560 72755 73604 74140 74259 74305 74843 74960 75441 76196 76711 77112 77546 77777 77950 79638 80037 81518 82780 82996 83046 83393 83677 83951 83977 84225 85992 86833 87011 87266 87377 87730 87995 88001 88218 88553 88623 89087 89561 89673 89982 91093 91512 92374 92727 92905 93415 94250 94283 94604 94790 94943 95071 95074 95281 95290 96168 96389 97392 97733 97867 97957 98014 98042 98167 98251 98773 98824 99238 99524 99633 99940 
163 679 757 2768 3100 3913 6781 7563 8666 9363 9389 10984 11366 11638 12294 12372 12415 13280 13476 13795 15604 16387 16409 16439 16582 16619 17081 17618 17697 18062 18389 18585 18752 18842 19527 19585 20160 20612 20693 20809 21439 22172 22323 22707 23448 23644 24090 25163 26517 26731 28599 28959 28971 29128 30083 30170 30920 31497 31922 32186 33282 33646 33979 34026 34324 34480 36198 36391 36861 37567 39741 40157 40256 40492 41262 41756 41891 42112 42197 42593 44109 45694 46078 46532 46758 47233 48254 48937 49025 49150 49786 50255 50728 50953 51190 51303 51332 51975 52260 52340 54755 56101 57325 57699 57895 58072 58285 58592 59708 60382 60386 61569 61620 61840 61872 62073 63254 64638 64663 65022 65123 66714 67258 67748 68223 69005 69215 69482 70539 71141 71193 72202 72263 72560 72755 73604 74140 74259 74305 74843 74960 75441 76196 76637 76711 76868 77112 77546 77777 77950 79638 79677 80037 81518 82013 82780 82996 83046 83393 83677 83951 83977 84225 85992 86833 87011 87266 87377 87730 87995 88001 88110 88218 88553 88623 89087 89561 89673 89982 91093 91512 91791 92176 92374 92727 92905 93124 93415 94250 94283 94604 94790 94943 95071 95074 95281 95290 96168 96238 96389 97392 97733 97867 97957 98014 98042 98167 98251 98747 98773 98824 99238 99524 99940 
235 585 1650 2558 2927 3124 3815 4738 6127 6181 6835 8019 9076 9217 9310 9383 9872 11596 11756 12557 13458 14071 14856 15338 15726 15962 16583 16738 16951 17610 18970 19840 20233 20337 20476 21000 21145 21298 21370 21506 22409 23027 23782 23869 24368 24434 24601 24776 24975 26165 27488 28315 28356 28863 28888 30021 30376 31358 31563 31692 32117 33448 33890 34662 37387 37512 37648 37747 38133 38239 38551 38605 39885 41773 42092 43030 44033 49641 50741 52255 52827 52916 52939 53075 55152 55220 55444 56033 56328 56883 57039 57290 57364 57751 58311 58653 58764 59813 59967 60455 61131 61845 62456 62608 62621 63334 64070 64146 64727 64904 65019 65413 65705 65838 66208 66709 67630 68736 68843 69767 71699 71881 72684 72826 73247 73502 73504 73900 73956 74693 75080 75086 75193 75658 76019 76261 76398 76714 76926 77181 77624 77953 78151 80277 80868 81269 81967 82065 82320 82369 83457 83821 84029 84305 84642 84672 85563 85794 86169 86261 86356 86502 86770 86918 86935 87466 87702 87931 87946 88011 89691 90156 90335 90343 90561 90578 90682 91182 91272 91530 91616 91761 92586 93043 94594 95650 96313 97450 97560 97873 98157 98567 98873 98878 99156 99589 99629 
235 585 1650 2558 2927 3124 3815 4738 5030 5568 6043 6127 6181 6835 8019 9076 9217 9310 9383 9434 9889 11596 11756 12557 13458 14071 14856 15338 15726 15962 16583 16738 16951 16971 17610 19840 20233 20337 20476 21000 21145 21298 21370 21489 21506 21699 22409 23027 23611 23782 23869 24368 24434 24601 24638 24776 25444 26165 27488 28315 28356 28863 28888 30021 30376 30943 31245 31358 31563 31692 32117 33448 34237 34662 36848 37387 37512 37648 37747 38133 38239 38286 38551 38605 38995 39885 41773 41831 42092 43030 43992 44033 45928 46492 48263 49641 50741 51307 52255 52827 52916 52939 53075 55152 55183 55220 55444 55711 56033 56328 56482 56883 57039 57290 57364 57751 57874 58311 58653 58764 59813 59967 60455 60987 61131 61845 62456 62608 62621 63334 64070 64146 64727 64904 65019 65413 65705 65838 66208 66709 67630 68402 68736 68843 69767 70383 71699 71881 72142 72684 72826 73247 73502 73504 73900 73956 74693 75080 75086 75193 75658 76019 76261 76398 76714 76926 77181 77579 77624 77654 77953 78151 78954 79604 80234 80277 80868 81269 81967 82065 82320 82369 82838 83457 83821 84029 84427 84642 84672 85563 85794 86169 86261 86356 86502 86631 86770 86918 86935 87294 87466 87702 87931 87946 88011 89691 90156 90335 90343 90561 90578 90682 90762 91098 91272 91530 91616 91761 92586 93043 93081 94594 95650 96313 96423 97450 97560 97873 98157 98567 98873 98878 99156 99589 99629 
654 846 1419 1563 1886 2890 4707 5007 5263 5357 5374 5600 5822 5860 6610 8950 9895 10525 10720 10766 14452 14738 16025 16967 17727 18431 18534 18675 18707 19491 19912 20166 20187 20414 20763 20927 21300 21305 21471 21656 22488 23387 23705 24521 24755 24818 25895 26414 29533 29920 30191 30453 30802 31291 31544 32285 33248 33536 33655 34743 34982 35508 35525 36150 37616 38043 38082 38829 39267 39375 39879 40169 40634 40655 42206 43184 43897 44161 44399 44545 44794 45242 46199 46236 47259 47414 48495 48574 48988 49138 49388 50629 52095 52439 53262 53608 54156 55470 58400 59122 60759 61065 61579 61874 62339 62432 62978 63772 63843 63956 64233 64531 65515 65756 66277 66462 67692 68764 68806 69001 69129 69925 69989 70213 71644 72127 72221 72391 73224 73241 73248 73511 74153 74824 74880 75117 75167 75940 76212 76480 76639 76750 76774 77169 77282 77360 77693 78112 78560 78807 78819 78961 78987 79166 79178 79369 79795 79984 80186 80243 80683 80804 81061 81197 81418 82271 83118 83328 83354 83370 83478 83537 83593 83644 83980 84226 84249 84351 84506 84599 84783 84833 84868 85619 85734 86076 86668 86674 87120 87270 87517 88788 88851 89596 89787 89922 89957 90195 90914 91470 91654 91701 91875 91964 92554 92726 92832 93274 93675 93985 94761 94765 94881 95202 95519 96045 96138 96290 96346 96358 96504 96607 97554 97935 98367 98715 98791 98942 99110 99455 99770 
654 846 1419 1563 1886 2890 4707 5007 5263 5357 5374 5600 5822 5860 6610 7312 7628 8950 9895 10525 10720 10766 14738 16025 16967 18431 18534 18675 18707 19912 20166 20187 20414 20763 21305 21471 21656 23387 23705 24818 26414 28797 29920 30156 30191 30802 31291 31544 32285 33248 34743 36150 37616 38043 38082 39267 39375 40169 40634 40655 42206 43184 44545 44794 46199 46236 47259 47414 48495 48988 49138 49388 50629 52439 53262 54156 54869 55470 58400 59122 60759 61065 61579 61874 62339 62432 62978 63772 63843 63956 64233 64531 65515 65755 65756 66277 66462 67692 68764 68806 69001 69925 69989 70213 71644 71767 72221 72391 73241 73248 73511 74824 74880 75117 75167 75237 75940 76212 76480 76639 76750 76774 77169 77282 77360 77693 78112 78560 78807 78819 78987 79166 79178 79369 79795 79984 80186 80243 80804 81061 81197 81418 82271 83118 83328 83354 83370 83478 83537 83593 83644 83980 84226 84249 84351 84506 84599 84783 84833 84868 85734 86076 86668 86674 87120 87270 87517 88788 88851 89596 89787 89922 90195 90914 91470 91654 91701 91875 91964 92194 92554 92726 92832 93274 93675 93985 94761 94765 94881 95202 95519 96045 96138 96290 96346 96504 96607 97554 97935 98367 98715 98791 99110 99455 99770 
456 1989 2553 2697 3781 4170 4212 4795 4801 5105 5527 5616 6792 7169 7688 7795 8778 9303 9331 9409 9678 9700 9779 9956 10107 10566 11112 14281 14651 15161 15611 16056 17046 17187 17498 18713 19045 19538 19544 19629 19859 20438 21196 21896 21974 22663 23339 23344 23603 23911 25417 26445 26533 26582 27097 27496 27644 27818 29534 29583 30104 30614 30712 32268 33013 33476 33643 33864 35138 36299 36874 37508 38974 40804 43632 44710 45586 45593 46982 46992 47193 48654 49241 49567 49792 49841 50216 50413 51649 52254 52531 53318 53422 53507 54069 54254 54728 55155 55158 55979 56558 56590 56869 57209 57864 58723 60119 60668 60712 60966 61130 61311 61423 61517 61529 62162 62665 62878 62954 62973 64022 64867 65410 65915 66495 66634 67092 67171 67752 68071 68250 68492 69375 69706 70521 70571 70857 71457 71583 71603 71846 71994 72291 72427 72818 73053 73244 74253 77127 77264 78084 78389 78592 78642 78719 80297 80325 80621 80950 80959 81043 81132 82102 82136 82409 82530 82868 83108 83834 83843 84702 84882 85434 86567 86694 87433 87834 88987 89183 89257 89888 90030 90278 90325 90882 91373 91516 91788 91997 92969 93121 93153 94752 94921 95267 95721 96055 97012 97019 97100 98386 98544 99035 99668 99794 
456 1868 1989 2553 2697 3781 4170 4212 4286 4795 4801 5105 5232 5409 5527 5616 6157 6792 7169 7688 7795 8778 9303 9331 9409 9678 9700 9779 9956 10107 10566 10888 11112 12196 14281 14651 14963 15161 15611 16056 16555 16956 17046 17187 17498 18713 19045 19538 19544 19629 19859 20438 21196 21896 21974 22069 22663 22792 23339 23344 23603 23911 25417 25567 26026 26445 26533 26582 27097 27496 27644 27818 27972 29010 29121 29534 29583 30104 30614 30712 30809 31941 32268 33013 33473 33476 33643 33864 35138 36299 36874 37508 38494 38974 40804 42873 43632 44180 44710 45586 45593 45782 46982 46992 48654 48940 49241 49567 49792 49841 49994 50216 50413 51649 51741 51774 52254 52531 53085 53318 53422 53507 54069 54254 54728 55155 55158 55979 56360 56558 56590 56869 57209 57864 58723 60119 60712 60966 61130 61311 61423 61517 61529 62162 62665 62878 62954 62973 64022 64867 65410 65915 66495 66634 67092 67171 67752 68071 68250 68362 68492 68700 69316 69375 69394 69706 70521 70571 70857 71583 71603 71846 71994 72291 72427 72818 73053 73244 74253 77127 77264 78084 78389 78592 78642 78719 78766 80297 80325 80621 80950 80959 81043 81132 82102 82136 82409 82530 82868 83108 83542 83834 83843 84702 84791 84882 85434 86194 86567 86694 87433 87834 88946 88987 89183 89257 89467 89888 90030 90278 90325 90882 91373 91463 91516 91788 91997 92969 93027 93153 93771 94752 94921 95267 95721 96055 96725 97012 97019 97100 98386 98544 99035 99668 99794 
5 464 705 805 1029 1313 1361 1792 2125 2267 2667 3588 3927 5011 5294 5909 5956 6787 8006 8472 9587 9920 12175 12414 12462 12774 13043 13058 13486 14231 14560 15486 15809 16083 16110 18665 20193 20343 20755 21299 23278 23393 23722 24094 24390 25378 26033 27511 27891 28046 30336 30877 30924 31117 31414 32146 32497 32826 32840 33018 33580 33708 34017 34671 34698 34728 35306 35670 35734 36627 37308 37458 38221 38808 38993 39208 39259 39297 39971 41560 41965 42360 43693 43776 44029 45057 45129 45179 45502 46447 46611 47831 48479 49174 49311 49644 49684 49750 49807 50258 50560 50601 50721 50878 51151 51337 51381 52126 52153 52196 52860 53383 53438 53583 55631 56010 56421 56622 56923 57322 57441 58324 59041 59118 59231 59362 59886 61180 61424 61781 62153 62440 63064 63179 63242 64036 64206 64208 64267 64580 65168 65563 65843 65845 66055 66560 66597 68638 69120 69739 69936 69950 69965 70690 71908 73238 73499 74648 74992 75533 75561 75908 75927 76204 76309 76746 76768 76864 76972 77231 77308 78456 78640 79195 79382 80736 81056 81118 82038 82596 82891 82983 83066 83264 83712 84531 84755 85366 85653 85724 85809 86123 86135 86262 86393 87674 88871 88998 89340 91489 91899 92689 92768 93157 93170 93272 93332 93425 93867 95131 95653 97143 97438 97683 98026 98450 
5 464 705 805 1029 1313 1361 1792 2267 2667 3588 3927 5011 5294 5909 5956 6787 8006 9587 9920 10572 12175 12410 12414 12774 13043 13058 13486 14231 14560 15486 15809 16083 16110 18665 20193 20343 20755 21236 21299 23278 23393 23722 24094 24390 24895 25378 26033 27511 27891 28046 30336 30877 30924 31117 31414 31871 32146 32497 32826 32840 33018 33580 34017 34671 34698 34728 35306 35670 35734 36627 37308 37458 38221 38808 38993 39208 39259 39297 39971 40282 41560 41965 42360 43693 43776 45057 45129 45179 45502 46233 46447 46611 47831 48479 49174 49311 49644 49684 49750 49807 50166 50560 50721 50878 51151 51337 51381 52126 52153 52196 52860 53383 53438 53583 55631 56010 56421 56622 56923 57322 57441 58324 58403 58941 59041 59118 59231 59362 59886 60263 61180 61424 61781 62440 62801 63064 63179 63242 64036 64206 64208 64267 64580 65563 65843 65845 66055 66560 66597 68638 69120 69199 69289 69739 69936 69950 69965 70690 71908 73238 73499 74648 74992 75533 75561 75908 75927 76204 76309 76746 76768 76864 76972 77231 77308 78456 78640 79195 79382 80736 81049 81056 81118 82038 82596 82891 82983 83066 83264 83359 83562 83712 84531 84755 85366 85653 85724 85809 86123 86135 86262 86393 87674 88871 88998 89340 91489 91899 92689 92768 93157 93170 93332 93425 93867 95131 95653 97143 97438 97683 98026 98450 
372 1105 1856 2284 2859 3159 3269 3707 3864 4098 4554 4973 6446 6558 6896 6960 7261 7456 8794 8981 9103 10507 10974 11013 11048 11197 11818 12120 12121 12240 13411 14257 14709 15649 15810 16421 16432 16925 16935 17229 17312 17334 18181 18625 19644 19898 20669 21123 21175 21442 21577 22695 23406 24114 24216 24220 24499 24608 25404 25543 25619 26240 26334 26879 27434 28118 28396 28674 30489 31269 31420 32398 32539 32925 34717 35153 35286 35450 35522 35973 36547 36719 36846 37304 37351 37527 37691 37772 37817 38097 38821 39182 40814 40928 40968 41386 41737 42312 42864 44963 45401 45422 45424 46186 46281 46778 46940 47136 47141 48466 50905 51680 51697 51703 52179 52427 52709 52828 52873 52902 53547 54389 55140 55998 56912 57580 57605 57633 58442 59015 60165 60234 60308 61141 62783 63715 64447 65173 65860 65873 66189 67007 67038 67611 67683 67711 67775 68238 68748 69041 69099 69267 69447 69536 69648 70069 71236 72035 72562 72573 72664 73586 74538 74758 75738 76132 76296 76575 78288 79037 79485 81443 81571 82187 83091 83255 83578 84149 84430 84473 85082 85849 86208 86969 87515 87846 87892 88226 88606 88655 89424 89619 90524 90772 91006 91480 92066 92154 92282 92316 92529 92561 92854 92997 96237 96517 96771 97173 97977 98088 98426 99362 99926 
28 372 1105 1599 1856 2247 2284 2859 3159 3269 3707 3864 4098 4554 4872 4973 6446 6558 6896 6960 7261 7456 8538 8794 8981 9103 10507 10974 11048 11197 11818 11945 12120 12121 12240 12511 12733 13411 14257 14709 15020 15649 15810 16421 16432 16511 16634 16925 16935 17229 17312 17334 18181 18625 19141 19644 19898 20669 21123 21175 21361 21442 21577 22695 23406 23746 24074 24114 24216 24220 24499 24608 25404 25543 25619 26240 26334 26879 27434 28118 28396 28674 28912 30315 30489 31269 31420 32398 32925 34579 34717 35088 35153 35286 35450 35522 35973 36031 36547 36719 36803 36846 37304 37351 37527 37691 37772 37817 38097 38224 38701 38821 39182 40814 40928 40968 41386 41737 42312 42864 43865 44539 44963 45398 45401 45422 45424 45803 46186 46281 46778 46940 47136 47141 48466 50858 50905 51680 51697 51703 52179 52427 52709 52828 52873 52902 53547 54389 55140 55998 56316 56912 57580 57605 57633 58442 58507 59015 59212 60165 60234 60308 60888 61141 62783 63570 63715 64240 64447 65173 65860 65873 66189 67007 67038 67581 67611 67683 67711 67775 68238 68748 69041 69099 69267 69447 69536 69648 70069 70325 70476 71236 72035 72562 72573 72664 73586 74538 74758 75738 76132 76296 76575 78288 79037 79485 81288 81361 81443 81571 82187 83091 83115 83255 83578 84149 84430 84473 85082 85849 86100 86208 86969 87515 87846 87892 88226 88606 88655 89424 89619 90524 90772 91006 91187 91480 92066 92154 92282 92316 92529 92561 92854 92997 96237 96517 96771 97173 97977 98088 98426 99362 99926 
73 344 19589 21717 21939 22354 22557 22670 22719 23172 23585 24578 24657 26597 26812 27340 27390 27449 29067 29638 29898 30705 31246 31440 32305 32310 32889 34010 35199 35401 35923 36107 36886 36961 37026 37033 37163 38001 38759 38863 39136 39918 39968 40244 40411 40525 41033 41131 41621 41690 42392 42456 43040 43273 43364 43459 43565 43903 44215 44497 44555 45540 46131 46414 47581 47772 48278 48288 48613 48734 48767 48835 49154 49405 49472 49643 49752 50028 51204 52128 52430 52713 52805 53228 53247 53414 53567 53589 53644 54584 54642 54687 54970 55118 55412 55896 56169 56395 57303 57312 57330 57519 58205 58931 59024 59455 59745 59991 60236 60591 60642 62146 62488 62947 63039 63327 63439 63491 63849 64311 64458 65032 65689 65896 66129 66412 66522 67199 67880 67981 68186 68287 69298 69436 69655 70078 70286 70609 70918 71234 71454 71456 71542 71617 72123 72362 72941 73250 73384 73762 73779 73930 74400 74801 74817 75938 76229 76481 76863 77140 77790 78315 78410 79190 79579 80202 80332 80505 80953 80964 81017 81156 81272 81618 81792 82275 82618 82802 83154 83687 83720 83787 84021 84692 84807 85040 85046 85633 85832 86299 86536 87630 88294 88349 88602 89000 89203 89321 89853 90090 91110 91198 91201 92046 92390 92990 93434 94323 94513 94834 95629 95708 95806 96068 96192 96270 96544 96667 96853 97664 97857 98116 98256 98632 99037 99134 99337 99366 99854 
1994 3647 7846 11388 12735 12851 13540 17404 17430 18510 21717 21939 22354 22670 22719 23172 23585 24578 24657 26597 26628 26812 27390 27449 27867 28307 28664 29067 29638 29898 30705 30742 31246 31440 32305 32310 32889 33861 35199 35401 35923 36677 36886 36961 36978 37026 37033 37046 37163 37961 38001 38759 38863 39136 39918 39968 40244 40411 40525 41033 41131 41621 41690 42392 42456 43040 43273 43364 43459 43565 43903 44215 44497 44520 44555 45540 46118 46131 46414 46461 47581 47772 48278 48288 48613 48734 48767 48835 48951 49154 49405 49472 49752 50028 51006 51204 52128 52336 52430 52713 52805 53228 53247 53267 53414 53567 53589 53644 54584 54642 54687 54970 55118 55412 55896 56169 56222 56395 57303 57312 57330 57519 58205 58931 59024 59455 59745 59991 60236 60591 60642 62146 62488 63039 63041 63327 63439 63491 63849 64311 64458 65032 65689 65896 66129 66412 66522 66564 66752 67199 67880 67981 68186 68287 69298 69436 69655 70121 70286 70609 70650 70918 71234 71454 71456 71542 71617 72123 72362 72941 73250 73384 73762 73779 73930 74400 74801 74817 75938 76229 76481 76567 76863 77140 77790 78315 78410 78606 79190 79579 80202 80332 80430 80505 80953 80964 81017 81156 81272 81618 81792 82275 82618 82802 83154 83687 83720 83787 83927 84021 84692 84807 85040 85046 85633 85832 86299 87630 88349 88602 89000 89203 89321 89853 89986 90090 91108 91110 91181 91198 91201 91834 92046 92390 92421 92990 93076 93434 94323 94513 94834 95629 95708 95806 96068 96167 96192 96245 96270 96544 96667 96853 97664 97857 97933 98068 98116 98256 98432 98632 99037 99337 99366 99854 
425 993 2445 3536 3976 4128 7505 7783 8037 8474 8496 9562 9739 11025 11218 11398 13025 15631 15865 15932 16170 16486 17677 18913 19056 20777 21628 23287 23302 23305 23326 24229 24503 25021 25484 25618 25728 26301 26694 27159 27461 27819 27938 28572 28870 28899 29041 29528 29626 30049 30793 33347 33836 34573 34676 35180 35293 35328 35382 35460 35689 36230 36607 37340 37537 38145 39686 39777 39805 40007 41430 41767 42064 43028 43202 44084 44593 44898 45103 45627 45770 45985 46862 47442 47483 47681 49107 49978 50064 50204 50517 50524 50681 51131 51274 51639 53622 54815 55392 57048 59202 59376 59377 59444 60219 60853 61536 61768 61841 61963 62632 62849 64053 64067 64566 65704 65989 66100 66318 66510 66854 67028 67101 67714 67940 68954 69489 69490 69616 70282 70714 71617 71672 72002 72123 72336 72362 72941 73250 73384 73762 73779 73930 74400 74801 74817 75223 75315 75731 75787 75938 76053 76084 76229 76481 76863 77035 77140 77291 77790 78073 78315 78340 78410 78576 78879 79190 79289 79579 80202 80332 80505 80953 80964 81017 81156 81272 81366 81414 81618 81792 82123 82132 82275 82362 82618 82629 82802 83154 83387 83687 83720 83787 84021 84613 84692 84807 84921 85040 85046 85633 85832 85858 85996 86299 86405 86435 87503 87630 88349 88602 88809 89000 89203 89321 89579 89853 90090 90640 90825 91110 91198 91201 91436 91664 92046 92146 92390 92442 92460 92990 93380 93434 94001 94304 94323 94513 94550 94834 95629 95708 95806 95888 96068 96192 96270 96544 96667 96853 97205 97664 97857 97971 98116 98256 98632 98830 98897 99037 99337 99366 99410 99854 99924 
993 3536 3976 7783 8474 8496 9562 9739 11218 11398 13025 15865 15932 16170 16486 17677 18913 19056 21628 23287 23302 23305 23326 23923 24229 24503 25021 25618 25728 26301 26694 27159 27819 27938 28870 29041 29528 29626 30049 30793 34573 35180 35328 35460 36230 36607 37340 37537 38145 39777 39805 40007 40375 41430 41767 43028 43202 44084 44593 44898 45627 45770 45985 46862 47442 47483 47681 49978 50064 50204 50517 50524 50681 51131 54815 55392 57048 59202 59444 60219 60853 61536 61841 61963 62632 62849 64566 65704 65989 66100 66318 66510 67028 67101 67714 68954 69489 69490 69616 70282 70714 71617 71672 72002 72123 72336 72362 72941 73250 73384 73762 73779 73930 74400 74801 74817 75223 75315 75731 75787 75938 76053 76084 76229 76481 76863 77035 77140 77291 77790 78073 78315 78340 78410 79190 79289 79579 80202 80332 80505 80953 80964 81017 81052 81156 81272 81366 81414 81618 81792 82132 82275 82362 82618 82629 82802 83154 83387 83687 83720 83787 84021 84613 84692 84807 84921 85040 85046 85633 85832 85858 85996 86299 86405 86435 87630 88349 88602 88809 89000 89203 89321 89579 89853 90090 90640 90825 91110 91198 91201 91436 92046 92146 92390 92442 92460 92990 93380 93434 94323 94513 94834 95629 95708 95806 95888 96068 96192 96270 96544 96667 96853 97028 97205 97664 97857 98116 98256 98632 99037 99337 99366 99410 99854 99924 
84 256 480 482 781 1094 1764 1772 2167 2336 2431 2547 2605 2700 2743 2875 2962 3342 3424 3890 4151 4972 5195 5470 5792 5842 6183 7072 7372 7445 7536 7545 8104 8983 9174 10749 10932 11216 11632 12821 12836 13160 13395 13484 14542 14616 14830 15597 16291 16630 17123 17681 18410 19500 19671 20028 21006 21412 21913 22761 23039 23280 23852 24703 24878 25217 25258 25842 26561 26934 27133 27307 27457 27672 27694 27724 28011 28327 28426 28702 28787 29162 30738 30941 31263 31343 32189 32358 33413 33541 33888 33926 33937 34046 34308 34385 34571 34798 35172 35473 35718 35733 35808 35818 35841 35940 36067 36657 39645 40262 40447 40599 41519 42253 42299 42359 42519 42563 42811 43559 44263 44357 44810 45285 45327 45335 45939 46294 46555 46575 46709 46773 46968 46978 47462 47737 48109 48118 48687 49452 49746 49854 50241 50352 50933 51653 52103 52115 52247 52429 52541 53225 53348 53570 53678 54055 55020 55188 55597 56141 56303 56359 56765 56776 57041 57093 57247 57472 57544 57688 57690 57976 58198 58801 59502 61089 61692 63584 63986 64042 64660 64997 65451 65636 65950 65957 66814 67002 67017 67085 67877 67879 68134 68445 68671 68799 69057 69196 69501 70884 71114 71262 71811 72335 72363 72439 73302 73492 73517 74022 74085 75956 76404 76493 77543 77887 77958 78559 79645 80274 80636 80854 81153 81642 82957 83307 83626 83795 84310 84485 86612 86614 86643 86703 86762 87802 88262 88673 88726 89240 89295 89348 89883 90038 90553 91390 91896 93004 93225 93315 93536 93641 94967 95016 95275 95454 96325 97817 98452 98617 99424 99637 99671 
84 480 482 781 1094 1772 2167 2336 2547 2605 2700 2743 2875 2962 3424 3890 4151 4972 5195 5470 5792 5842 6183 7072 7372 7445 7536 7545 8027 8104 8983 9036 9174 10932 11216 11632 12821 12836 13395 13484 13550 14542 14616 14830 15597 16291 16630 17123 17681 19500 19671 21006 21412 21913 22761 23039 23280 23852 24703 24878 25217 25258 25842 26561 26934 27457 27672 27694 27724 28011 28327 28426 28702 28787 29162 30738 30941 31343 32358 32890 33155 33413 33541 33888 33926 33937 34046 34308 34385 34798 35473 35718 35733 35808 35818 35841 35940 36067 36657 39645 40262 40447 40599 41519 42253 42359 42563 42811 43559 44263 44357 44631 44810 45285 45335 46397 46575 46709 46773 46968 46978 47462 47737 48109 48118 48687 49452 49746 49854 50241 50352 50933 51653 52103 52115 52247 52541 53225 53348 53570 53678 54055 55020 55188 55597 56141 56303 56359 56765 56776 57041 57093 57247 57472 57544 57688 57690 57976 58198 58801 59502 61089 63584 63986 64042 64660 64997 65950 65957 66814 67002 67017 67085 67877 67879 68134 68445 68799 69057 69196 69501 71114 71811 72335 72363 72439 73302 73492 73517 74085 75956 76404 76493 77768 77887 77958 78559 79615 79645 80274 80854 81153 81642 81676 81679 82957 83307 83626 84310 84485 85536 86612 86643 86762 87802 88262 88673 88726 89240 89883 90038 90553 90908 91390 91896 93004 93225 93315 93536 94967 95016 95275 95454 97817 98452 98617 99424 99637 99671 
84 135 480 482 511 781 1094 1772 2094 2167 2336 2547 2599 2605 2700 2743 2875 2962 3424 3510 3890 4149 4151 4382 4972 5195 5470 5792 5842 6010 6183 7072 7372 7445 7536 7545 8104 8983 9036 9174 9735 10555 10747 10844 10932 11216 11275 11632 11983 12644 12654 12821 12836 12988 13395 13484 13669 14382 14542 14616 14693 14830 15597 15687 16055 16291 16376 16630 17123 17522 17681 18961 19327 19500 19671 21006 21412 21913 22072 22761 23039 23280 23459 23690 23781 23852 24439 24703 24878 25193 25217 25258 25317 25423 25621 25842 26099 26561 26837 26934 27457 27672 27694 27724 28011 28327 28426 28702 28787 29162 29513 29695 30738 30941 31343 31967 32303 32358 33413 33503 33541 33615 33858 33888 33899 33926 33937 34046 34308 34385 34541 34798 35326 35473 35718 35733 35808 35818 35830 35841 35940 36067 36657 36796 36882 37084 37103 37702 39079 39371 39645 40262 40447 40599 40813 41519 41534 41827 42253 42359 42563 42613 42811 42904 43559 44263 44357 44810 45035 45285 45333 45335 45485 45743 45760 46575 46709 46773 46968 46978 47462 47737 48109 48118 48687 49217 49361 49452 49746 49854 50241 50352 50370 50452 50933 51428 51653 51761 52103 52115 52125 52247 52541 52950 53018 53225 53348 53570 53678 54055 54821 55020 55188 55597 56141 56303 56359 56524 56765 56776 56983 57041 57093 57247 57472 58803 59125 59439 59544 60233 60375 60504 61181 61417 62379 62436 62765 63249 63602 63874 64158 65183 66427 67276 68244 68434 71839 74274 75099 76678 77126 78345 84888 90522 91382 92218 92500 94492 98029 98406 98928 
84 135 480 482 781 1094 1772 2094 2167 2336 2402 2547 2605 2700 2743 2875 2962 3424 3510 3890 4149 4151 4382 4496 4972 4996 5195 5470 5611 5792 5842 6010 6183 7072 7372 7445 7536 7545 7725 8104 8983 9174 9735 10555 10747 10932 10962 11216 11632 11983 12644 12654 12821 12836 12911 12988 13395 13484 13669 14382 14542 14616 14830 15597 15687 16291 16376 16630 17123 17522 17681 18961 19327 19500 19671 21006 21400 21412 21913 22761 23039 23086 23280 23459 23690 23781 23852 24703 24878 25217 25258 25317 25423 25621 25842 26099 26561 26837 26934 27457 27672 27694 27724 28011 28327 28426 28702 28787 29162 29695 30738 30941 31343 31967 32303 32358 33261 33413 33503 33541 33615 33858 33888 33899 33926 33937 33940 34046 34308 34385 34541 34798 35326 35473 35718 35733 35808 35818 35830 35841 35940 36067 36657 36882 37084 37103 37702 39079 39645 40262 40392 40447 40599 40813 41519 41534 41827 42253 42359 42563 42811 42904 43559 43598 44263 44357 44810 45035 45285 45333 45335 45743 45760 46041 46575 46709 46773 46968 46978 47462 47737 48109 48118 48687 49217 49361 49452 49746 49854 50241 50352 50370 50452 50513 50933 51428 51653 52103 52115 52125 52247 52541 52950 53018 53225 53348 53570 53678 54055 54821 55020 55188 55597 56141 56303 56359 56765 56776 56983 57041 57093 57247 57472 58803 59439 59544 60233 60504 61181 61417 62379 62436 62765 63076 63249 63602 63874 64158 65183 66427 68434 69643 78345 81684 81877 86769 88336 91382 92500 95668 98029 98031 98406 98928 99866 
456 723 1274 1989 2441 2445 2553 2582 2697 3590 3781 4170 4212 4795 4801 4821 5105 5527 5616 5955 6145 6792 6883 7003 7169 7398 7688 7699 7795 7798 7969 8037 8092 8678 8717 8778 8880 9303 9326 9331 9409 9678 9700 9779 9956 10107 10432 10566 11112 11684 11747 11775 12301 12810 13574 14106 14281 14632 14651 14766 15161 15611 15673 16056 16322 16639 16860 17046 17187 17406 17498 17679 17910 18503 18689 18713 18858 19045 19538 19544 19629 19859 20438 20460 21196 21271 21553 21733 21896 21974 21986 22663 23339 23344 23575 23603 23750 23911 24444 24956 25214 25417 25656 26445 26523 26533 26582 26743 26957 27097 27199 27496 27644 27664 27809 27818 28233 28658 29534 29583 30104 30184 30614 30712 30766 31015 31423 31501 31853 31960 32169 32268 32287 33013 33476 33643 33864 33968 34159 34516 34603 34921 35138 35517 36191 36299 36453 36874 37092 37508 37549 37844 38310 38380 38381 38870 38974 39456 39686 39841 40221 40353 40457 40732 40748 40804 41440 41730 42129 42412 43033 43632 44053 44378 44710 47168 48205 48384 48588 48647 49440 50384 50563 51350 52461 52849 54542 55752 58059 58235 58492 58901 58903 60558 60910 60991 61405 62336 62905 63045 64286 64700 65206 65214 65697 66194 67588 67829 67873 68291 70273 71285 71425 72205 73648 74223 74242 75172 75535 75841 75937 76889 77603 77636 78148 78483 78937 79179 79321 80540 81004 81398 81705 81728 82287 82851 82963 83220 83400 83581 85077 85174 85276 85890 86658 86823 87254 87367 89417 89420 89648 90112 90219 91719 92365 93810 94130 94293 94628 95203 96685 96841 97851 98334 98640 99370 
456 688 723 1274 1989 2441 2553 2697 3391 3590 3781 4170 4212 4795 4801 4821 5105 5527 5616 6145 6792 6883 7003 7169 7398 7634 7688 7699 7795 7798 7969 8092 8717 8778 8880 9259 9303 9326 9331 9409 9678 9700 9779 9956 10107 10432 10566 10843 11112 11684 11747 11775 12301 13574 14106 14281 14651 14766 15049 15161 15172 15611 15673 15877 16056 16322 16639 16860 17046 17187 17406 17498 17679 17771 17910 18503 18673 18689 18713 19045 19538 19544 19629 19859 20438 20460 21196 21271 21552 21553 21733 21896 21974 21986 22663 23010 23160 23339 23344 23575 23603 23750 23911 24956 25214 25417 25656 26445 26523 26533 26582 26652 26743 26957 27097 27199 27496 27644 27664 27809 27818 28640 28658 28842 29534 29583 30104 30184 30614 30712 30766 31015 31423 31501 31853 31960 32169 32268 32287 33013 33476 33643 33864 33968 34516 34603 34921 35138 35517 36191 36299 36453 36868 36874 37092 37508 38310 38380 38870 38974 39456 39841 40221 40353 40457 40732 40804 41440 41730 42129 42412 43033 43632 44053 44378 44710 46845 48202 48205 48384 48647 49440 50384 50563 51350 51376 52849 53177 54542 55752 57946 58059 58492 58901 58903 60558 60991 61371 61405 62413 62905 63045 64286 64700 65206 65214 65697 66176 66194 67588 67648 67780 67829 67873 68291 69300 69693 70366 70945 71285 71425 72205 73356 73648 74223 74242 75172 75535 75841 76277 76889 77499 77603 77636 78148 78483 78937 79125 79137 79179 79321 80540 81004 81398 81705 81728 82287 82851 83220 83400 83581 83923 85077 85174 86142 86658 86823 87254 87367 88800 89417 89648 89964 89970 90112 90219 91126 91587 91719 92365 94130 94293 94628 94986 95203 96685 96841 97601 97851 98640 99370 99686 
993 3536 3976 7748 7783 8474 8496 9562 9739 11218 11398 13025 15458 15865 15932 16170 16486 16703 17677 18913 19056 21628 21943 23287 23302 23305 23326 24229 24503 25021 25618 25728 26301 26694 27159 27819 27938 28870 29041 29528 29626 29956 30049 30793 34573 35180 35328 35460 36230 36607 37340 37537 38145 39777 39805 40007 41430 41767 43028 43202 44084 44593 44843 44898 45627 45770 45985 46223 46862 47442 47483 47681 49978 50064 50204 50517 50524 50681 51131 53644 54584 54642 54687 54815 54970 55118 55392 55412 55896 56169 56395 57048 57275 57303 57312 57330 57519 58205 58931 59024 59202 59444 59455 59667 59745 59991 60219 60236 60591 60642 60853 61536 61841 61963 62146 62488 62632 62849 63039 63327 63439 63491 63849 64311 64458 64566 65032 65689 65704 65896 65989 66100 66129 66318 66412 66510 66522 67028 67101 67199 67714 67880 67981 68186 68287 68399 68954 69298 69436 69489 69490 69616 69655 70282 70286 70609 70714 70918 71234 71454 71456 71542 71617 71672 72002 72123 72336 72362 72941 73250 73384 73762 73779 73930 74400 74801 74817 75223 75315 75731 75787 75938 76053 76084 76229 76481 76863 77035 77140 77291 77790 78073 78315 78340 78410 79190 79289 79579 80202 80332 80505 80953 80964 81017 81156 81272 81366 81414 81618 81792 82132 82275 82362 82618 82629 82802 83154 83387 83687 83720 83787 84021 84613 84692 84807 84921 85040 85046 85633 85832 85858 85996 86299 86405 86435 87630 88349 88602 88809 89000 89203 89321 89579 89853 90090 90640 90825 91110 91198 91201 91436 94438 94823 95014 
170 993 1115 3536 3976 7783 8474 8496 9562 9739 10646 11218 11398 12409 13025 13203 14742 15865 15932 16170 16486 17677 18913 19056 21563 21628 23287 23302 23305 23326 23962 24229 24503 25021 25618 25728 26301 26694 27159 27432 27819 27938 28817 28870 29041 29528 29626 30049 30235 30793 34573 35180 35328 35460 36230 36607 37340 37424 37537 38145 39777 39805 40007 40902 41430 41767 43028 43202 44084 44593 44898 45346 45615 45627 45770 45985 46306 46776 46862 47153 47212 47442 47483 47681 49492 49978 50064 50204 50517 50524 50681 51131 53123 53610 53644 54584 54642 54687 54815 54970 55118 55392 55412 55896 56169 56395 57048 57303 57312 57330 57519 58205 58728 58931 59024 59202 59444 59455 59745 59991 60219 60236 60591 60642 60853 61536 61550 61841 61963 62146 62488 62632 62849 63039 63327 63439 63491 63849 64140 64311 64458 64566 64853 65032 65689 65704 65896 65989 66100 66129 66318 66412 66510 66522 66525 67028 67101 67199 67714 67864 67880 67981 68186 68287 68826 68954 69208 69298 69436 69489 69490 69616 69655 70282 70286 70609 70714 70918 71234 71454 71456 71516 71542 71617 71672 72002 72123 72336 72362 72941 73250 73384 73762 73779 73930 74400 74801 74817 75223 75315 75731 75787 75938 76053 76084 76229 76481 76863 77035 77140 77291 77790 78073 78304 78315 78340 78410 79190 79289 79579 80202 80332 80505 80953 80964 81017 81156 81272 81366 81414 81618 81792 82132 82275 82362 82466 82618 82629 82802 83154 83387 83687 83720 83787 84021 84179 84570 84613 84692 84807 84921 85040 85046 85633 85832 85858 85886 85996 86299 86405 86435 86957 86983 87118 87630 87729 87813 88349 88602 88809 89000 89203 89321 89579 89853 90090 90640 90825 91110 91198 91201 91436 92719 92926 98057 
254 725 993 1623 1715 2114 2240 2279 2570 2698 3017 3318 3536 3976 4061 4495 4693 5309 5350 5478 6037 6047 6193 6309 6503 6618 6809 6842 6902 6993 7283 7783 8474 8496 8607 8865 9098 9562 9643 9739 9983 10169 10513 10522 10563 10633 10675 10937 11056 11218 11398 11846 11985 12019 12255 12883 12935 13025 13056 13073 13171 13402 13568 13865 14171 14183 14306 15246 15585 15593 15865 15932 16166 16170 16351 17040 17325 18228 18501 18610 18805 18999 19466 19505 19732 20295 20819 21069 21717 21939 22175 22249 22354 22511 22578 22670 22719 22952 23172 23204 23346 23539 23585 23651 23802 23809 24578 24657 24668 24850 25081 25588 26597 26812 27175 27390 27449 27736 27759 29067 29276 29638 29898 30466 30705 30763 31246 31307 31440 31698 31909 32125 32137 32305 32310 32408 32420 32831 32862 32889 33155 33367 34200 34625 34856 35124 35199 35338 35401 35923 36886 36961 37026 37033 37163 37560 38001 38759 38863 39136 39918 39968 40244 40411 40525 41033 41131 41298 41621 41690 42392 42456 43040 43062 43273 43364 43459 43565 43903 44215 44218 44227 44372 44413 44497 44555 45230 45540 45848 46131 46414 46587 47581 47772 47845 48081 48278 48288 48522 48613 48734 48767 48835 49154 49405 49472 49752 50028 50130 51031 51204 51475 52128 52430 52713 52805 53220 53228 53247 53414 53567 53589 53942 53969 54881 55561 56752 58974 59137 59161 59910 60754 61274 63450 63960 64296 64433 65615 66882 67460 67697 67815 68192 70027 74981 75057 75076 75465 79665 80707 81482 81700 81825 81851 82727 83188 85502 85549 86846 87561 87591 88416 88907 89498 89750 90368 90733 91100 92665 92785 93921 94517 95045 97938 97994 98061 98222 98562 99342 
254 725 993 1570 1623 1715 2240 2279 2570 2698 3017 3318 3536 3873 3976 4061 4495 4693 5309 5350 5478 6037 6047 6193 6309 6503 6592 6618 6809 6842 6902 6993 7283 7783 8474 8496 8607 8865 9098 9562 9643 9739 9983 10169 10484 10513 10563 10633 10675 10937 11056 11218 11398 11846 12019 12255 12883 12935 13025 13056 13171 13402 13568 13865 14171 14183 14306 15246 15585 15593 15865 15932 16166 16170 16351 16979 17040 17325 18501 18610 18747 18999 19280 19505 19732 20295 21069 21717 21939 22175 22249 22354 22578 22670 22719 22952 23042 23172 23204 23346 23539 23585 23651 23802 23809 24247 24578 24657 24668 24812 24850 25081 25588 26597 26812 27175 27390 27449 27736 27759 29067 29276 29638 29785 29898 30466 30705 30763 31246 31440 31698 31909 32125 32137 32201 32305 32310 32408 32420 32504 32831 32862 32889 33367 34200 34856 35124 35199 35338 35401 35923 36886 36961 37026 37033 37163 37560 38001 38065 38759 38764 38863 39136 39918 39968 40244 40411 40525 41033 41131 41298 41621 41690 42392 42456 43040 43273 43364 43459 43565 43903 44215 44218 44227 44372 44413 44497 44555 45067 45230 45540 45848 46131 46414 46587 47581 47772 48081 48278 48288 48613 48734 48767 48835 49154 49405 49472 49752 50028 51031 51204 51232 51475 52128 52430 52713 52805 53220 53228 53247 53414 53518 53567 53589 53942 53969 55561 56429 58974 59137 59161 59910 60754 63450 63960 64296 64332 66626 66993 67460 67697 68192 70443 71187 74981 75076 75190 75465 78225 79665 80707 80859 81482 81700 81851 82727 83459 85502 85549 86846 87561 87591 88416 88907 90733 92665 92785 93921 94517 95045 95803 96837 97994 98222 98562 99342 
807 2041 2397 2781 3140 3604 4118 4324 4384 4659 4692 6170 6282 6479 6923 7939 8397 8508 8839 9496 10044 10806 12290 12342 12676 13098 14745 16049 16214 16548 16627 17857 19138 19343 19561 19688 20376 20543 21005 22128 22256 23356 24665 24941 25192 25244 26256 26343 26648 27081 27338 28220 29090 29128 29200 29417 29573 29728 30001 30083 30920 31497 31922 32009 32186 32790 32839 33178 33282 33372 33646 33665 33979 34026 34324 34463 34480 34881 35826 36003 36132 36198 36391 36861 37187 37230 37371 37567 37654 38024 38048 38837 39298 39741 40157 40256 40492 40921 41262 41301 41396 41702 41756 41891 42197 42593 43783 44109 44417 44654 44835 44961 45066 45541 45542 45870 46078 46532 46758 47233 47320 47660 47698 47879 47969 48254 48436 48887 48937 49786 49930 50012 50255 50285 50663 50728 50789 50953 50973 51145 51190 51303 51332 51574 51630 51793 51975 52260 52340 52351 52606 53084 53195 53230 54755 56101 56337 56428 56435 56964 57325 57699 57732 57895 58072 58285 58774 59067 59708 60382 60386 60985 61569 61620 61705 61801 61851 61854 61868 61872 62073 63254 63371 64663 64665 65022 65123 66197 66354 66714 67258 67583 67748 68223 69005 69215 70539 70580 71084 71141 71193 71281 71776 72202 72560 72755 73604 74128 74140 74259 74305 74843 74960 75441 76196 76711 77112 77546 77777 77950 79347 79638 80037 81518 82780 82996 83046 83393 83677 83951 83975 83977 84225 85992 86833 87011 87266 87377 87640 87730 87995 88001 88218 88553 88623 89087 89382 89561 89673 89982 90138 90585 91093 91512 92374 92727 92905 93415 93489 94250 94283 94604 94790 94943 95071 95074 95281 95290 96168 96389 96483 96610 97392 97733 97867 97957 98014 98042 98167 98251 98773 98824 99238 99359 99505 99524 99761 99940 
807 1476 2041 2397 2781 3604 4324 4384 4659 4692 5837 6170 6282 6479 6923 7939 8397 8508 12342 12676 13098 14490 14745 15173 16049 16189 16214 16548 16627 17857 19182 19343 19561 19681 19688 20376 20543 21005 22128 23356 24665 24941 25192 26256 26343 26648 27081 27338 28092 28220 29090 29128 29165 29200 29304 29417 29573 29728 30001 30083 30920 31497 31922 32186 32790 32839 33178 33282 33372 33600 33646 33665 33979 34026 34194 34324 34463 34480 34881 35826 36003 36198 36391 36861 37230 37371 37567 37654 38837 39298 39741 40157 40256 40492 40921 41262 41301 41702 41756 41891 42197 42593 43783 44109 44417 44615 44654 44835 44961 45066 45541 45542 45870 46078 46532 46758 47233 47320 47499 47660 47879 47969 48254 48436 48443 48516 48887 48937 49776 49786 49930 50012 50255 50285 50663 50728 50789 50953 50973 51145 51190 51303 51332 51574 51630 51793 51975 52260 52340 52351 52606 53195 53230 54755 56101 56337 56428 56435 56964 57325 57699 57732 57895 58072 58285 58774 59067 59708 60382 60386 60985 61569 61620 61705 61801 61851 61854 61872 62073 63254 63371 64663 65022 65123 66714 66985 67258 67748 68223 69005 69215 70539 71141 71193 72202 72560 72755 73604 74140 74259 74305 74843 74960 75441 76196 76711 77112 77546 77777 77950 78205 79347 79638 80037 81518 81804 82780 82996 83046 83393 83677 83770 83951 83975 83977 84225 85992 86833 87011 87266 87377 87730 87995 88001 88218 88553 88623 89087 89382 89561 89673 89982 91093 91512 92374 92727 92905 93415 94250 94283 94604 94790 94943 94992 95071 95074 95281 95290 96168 96389 96621 96732 97392 97733 97867 97957 98014 98042 98167 98251 98395 98771 98773 98824 99238 99524 99622 99940 
